stock_code,trade_date,open,high,low,close,volume
1103,2026-09-07,13.399999618530273,13.399999618530273,13.199999809265137,13.199999809265137,259937
1102,2026-09-07,35.349998474121094,35.349998474121094,34.599998474121094,35.04999923706055,7146352
1104,2026-09-07,27.850000381469727,27.850000381469727,27.350000381469727,27.5,531838
1101,2026-09-07,24.649999618530273,24.649999618530273,24.299999237060547,24.299999237060547,19417585
1108,2026-09-07,11.600000381469727,11.649999618530273,11.550000190734863,11.649999618530273,222987
1109,2026-09-07,13.600000381469727,13.600000381469727,13.449999809265137,13.550000190734863,68230
1110,2026-09-07,16.450000762939453,16.450000762939453,15.899999618530273,15.899999618530273,304101
1201,2026-09-07,12.25,12.25,12.149999618530273,12.199999809265137,315670
1213,2026-09-07,7.449999809265137,7.650000095367432,7.449999809265137,7.650000095367432,3000
1203,2026-09-07,45.900001525878906,46.0,44.75,45.150001525878906,21385
1210,2026-09-07,52.20000076293945,52.400001525878906,51.70000076293945,52.099998474121094,818350
1215,2026-09-07,111.0,111.5,110.0,111.0,576846
1216,2026-09-07,76.19999694824219,76.19999694824219,74.9000015258789,75.19999694824219,6433867
1217,2026-09-07,9.960000038146973,9.970000267028809,9.930000305175781,9.930000305175781,231133
1218,2026-09-07,14.550000190734863,14.550000190734863,14.350000381469727,14.5,497164
1219,2026-09-07,11.600000381469727,11.649999618530273,11.5,11.649999618530273,235116
1220,2026-09-07,10.75,10.800000190734863,10.699999809265137,10.699999809265137,112233
1225,2026-09-07,25.350000381469727,25.5,24.950000762939453,25.0,106298
1227,2026-09-07,28.850000381469727,28.850000381469727,28.299999237060547,28.399999618530273,923515
1229,2026-09-07,42.20000076293945,42.20000076293945,41.45000076293945,41.650001525878906,1313073
1231,2026-09-07,81.0,81.0,80.0999984741211,80.0999984741211,293073
1232,2026-09-07,157.5,157.5,156.5,157.5,90510
1233,2026-09-07,28.25,28.399999618530273,28.049999237060547,28.100000381469727,29071
1234,2026-09-07,33.5,33.599998474121094,33.29999923706055,33.29999923706055,120786
1236,2026-09-07,26.299999237060547,26.299999237060547,26.0,26.200000762939453,68224
1235,2026-09-07,39.0,39.0,37.849998474121094,38.95000076293945,21105
1256,2026-09-07,177.5,177.5,172.0,173.5,89034
1301,2026-09-07,67.0,68.9000015258789,66.19999694824219,66.5999984741211,29445949
1304,2026-09-07,12.5,12.5,12.199999809265137,12.199999809265137,1672335
1303,2026-09-07,232.0,240.0,229.5,230.5,75790049
1305,2026-09-07,12.300000190734863,12.300000190734863,11.949999809265137,12.149999618530273,1278372
1307,2026-09-07,30.75,30.75,30.299999237060547,30.5,314329
1308,2026-09-07,14.199999809265137,14.25,13.949999809265137,13.949999809265137,802472
1309,2026-09-07,13.449999809265137,13.600000381469727,13.399999618530273,13.5,1211838
1310,2026-09-07,8.729999542236328,8.760000228881836,8.5600004196167,8.600000381469727,1976788
1312,2026-09-07,14.199999809265137,14.449999809265137,14.050000190734863,14.100000381469727,21621293
1313,2026-09-07,12.0,12.0,11.699999809265137,11.800000190734863,1450309
1314,2026-09-07,8.149999618530273,8.1899995803833,8.050000190734863,8.100000381469727,12995373
1316,2026-09-07,10.699999809265137,10.850000381469727,10.550000190734863,10.75,1523535
1315,2026-09-07,66.0999984741211,66.19999694824219,65.5,66.0,78934
1319,2026-09-07,83.0,83.0,81.4000015258789,81.69999694824219,1360504
1321,2026-09-07,32.70000076293945,32.70000076293945,32.29999923706055,32.54999923706055,66000
1323,2026-09-07,21.200000762939453,21.299999237060547,21.049999237060547,21.25,25041
1324,2026-09-07,10.199999809265137,10.199999809265137,10.050000190734863,10.199999809265137,22725
1325,2026-09-07,25.5,26.350000381469727,25.5,26.200000762939453,432037
1326,2026-09-07,70.19999694824219,75.0999984741211,69.9000015258789,71.9000015258789,57868936
1337,2026-09-07,4.570000171661377,4.670000076293945,4.519999980926514,4.559999942779541,224736
1338,2026-09-07,14.5,14.5,14.149999618530273,14.449999809265137,105177
1339,2026-09-07,43.150001525878906,43.45000076293945,42.79999923706055,42.79999923706055,88462
1340,2026-09-07,5.269999980926514,5.269999980926514,5.110000133514404,5.110000133514404,187758
1342,2026-09-07,104.0,105.0,103.5,103.5,175068
1402,2026-09-07,29.200000762939453,29.200000762939453,28.5,28.700000762939453,10062713
1409,2026-09-07,24.700000762939453,24.799999237060547,24.200000762939453,24.350000381469727,7329488
1410,2026-09-07,24.75,24.799999237060547,24.5,24.75,102552
1413,2026-09-07,9.329999923706055,9.329999923706055,9.0600004196167,9.289999961853027,14000
1416,2026-09-07,11.75,11.75,11.550000190734863,11.600000381469727,193896
1417,2026-09-07,8.3100004196167,8.3100004196167,8.149999618530273,8.229999542236328,145033
1414,2026-09-07,17.899999618530273,18.0,17.700000762939453,17.75,154059
1418,2026-09-07,17.75,17.850000381469727,17.5,17.850000381469727,5012
1419,2026-09-07,67.5999984741211,68.30000305175781,66.80000305175781,68.30000305175781,86409
1432,2026-09-07,15.0,15.149999618530273,15.0,15.050000190734863,101332
1423,2026-09-07,35.5,36.0,34.900001525878906,35.54999923706055,36503
1434,2026-09-07,18.350000381469727,18.399999618530273,18.100000381469727,18.100000381469727,1720880
1435,2026-09-07,21.899999618530273,22.799999237060547,21.600000381469727,22.75,28891
1436,2026-09-07,38.400001525878906,38.400001525878906,37.75,37.900001525878906,124802
1437,2026-09-07,32.04999923706055,32.20000076293945,32.0,32.20000076293945,83911
1438,2026-09-07,22.549999237060547,23.149999618530273,22.350000381469727,22.700000762939453,127978
1440,2026-09-07,14.0,14.0,13.399999618530273,13.5,3393041
1439,2026-09-07,28.5,29.5,28.5,29.5,55240
1441,2026-09-07,8.779999732971191,8.800000190734863,8.699999809265137,8.800000190734863,35518
1442,2026-09-07,30.25,30.25,29.700000762939453,29.899999618530273,142667
1443,2026-09-07,23.899999618530273,23.899999618530273,23.799999237060547,23.799999237060547,10001
1444,2026-09-07,7.150000095367432,7.159999847412109,7.010000228881836,7.03000020980835,1880897
1445,2026-09-07,10.300000190734863,10.399999618530273,10.199999809265137,10.399999618530273,24939
1446,2026-09-07,13.550000190734863,13.550000190734863,13.350000381469727,13.399999618530273,130969
1447,2026-09-07,6.710000038146973,6.71999979019165,6.630000114440918,6.679999828338623,1266898
1449,2026-09-07,12.300000190734863,12.300000190734863,12.149999618530273,12.149999618530273,173918
1451,2026-09-07,17.299999237060547,17.350000381469727,17.200000762939453,17.299999237060547,42053
1452,2026-09-07,11.399999618530273,11.399999618530273,11.199999809265137,11.25,128128
1453,2026-09-07,11.199999809265137,11.199999809265137,11.050000190734863,11.050000190734863,25878
1455,2026-09-07,10.050000190734863,10.050000190734863,9.710000038146973,9.800000190734863,1670811
1456,2026-09-07,14.300000190734863,14.300000190734863,13.600000381469727,13.600000381469727,41070
1454,2026-09-07,12.350000381469727,12.350000381469727,12.25,12.350000381469727,55960
1457,2026-09-07,14.5,14.550000190734863,14.300000190734863,14.300000190734863,143409
1459,2026-09-07,15.899999618530273,16.0,15.350000381469727,15.350000381469727,259949
1463,2026-09-07,17.200000762939453,17.399999618530273,17.149999618530273,17.299999237060547,59556
1460,2026-09-07,6.610000133514404,6.619999885559082,6.559999942779541,6.590000152587891,129394
1464,2026-09-07,10.149999618530273,10.149999618530273,10.0,10.050000190734863,214486
1465,2026-09-07,11.949999809265137,12.0,11.850000381469727,11.899999618530273,117703
1466,2026-09-07,16.299999237060547,16.299999237060547,15.600000381469727,15.600000381469727,303861
1467,2026-09-07,8.1899995803833,8.3100004196167,8.050000190734863,8.050000190734863,292950
1468,2026-09-07,12.800000190734863,13.600000381469727,12.699999809265137,13.5,90001
1470,2026-09-07,24.25,24.5,24.0,24.5,17000
1472,2026-09-07,90.5999984741211,90.5999984741211,90.4000015258789,90.5,11544
1471,2026-09-07,9.710000038146973,9.789999961853027,9.65999984741211,9.6899995803833,183587
1473,2026-09-07,20.100000381469727,20.149999618530273,19.899999618530273,20.100000381469727,35546
1474,2026-09-07,10.050000190734863,10.050000190734863,9.960000038146973,9.989999771118164,25303
1475,2026-09-07,26.799999237060547,26.799999237060547,26.0,26.350000381469727,21000
1476,2026-09-07,316.0,316.0,306.0,306.0,1810594
1477,2026-09-07,198.5,198.5,193.0,195.0,1843827
1503,2026-09-07,210.0,213.0,206.5,207.5,1509157
1504,2026-09-07,72.9000015258789,72.9000015258789,71.5999984741211,71.69999694824219,4372999
1506,2026-09-07,10.100000381469727,10.100000381469727,9.979999542236328,10.100000381469727,347130
1512,2026-09-07,6.239999771118164,6.309999942779541,6.239999771118164,6.239999771118164,44924
1513,2026-09-07,167.0,169.5,165.0,167.0,2308282
1514,2026-09-07,103.5,105.0,102.0,102.5,973891
1515,2026-09-07,31.049999237060547,31.299999237060547,30.5,30.549999237060547,752413
1516,2026-09-07,14.550000190734863,14.75,14.100000381469727,14.75,45050
1517,2026-09-07,11.0,11.0,10.699999809265137,10.699999809265137,381863
1519,2026-09-07,767.0,786.0,739.0,739.0,4396663
1521,2026-09-07,25.700000762939453,25.700000762939453,25.399999618530273,25.649999618530273,25003
1522,2026-09-07,27.149999618530273,27.149999618530273,26.549999237060547,27.049999237060547,536570
1524,2026-09-07,26.950000762939453,27.049999237060547,26.700000762939453,26.75,259154
1525,2026-09-07,66.5999984741211,66.5999984741211,65.5,66.4000015258789,22265
1526,2026-09-07,15.850000381469727,15.850000381469727,15.399999618530273,15.550000190734863,113721
1527,2026-09-07,32.70000076293945,32.75,32.599998474121094,32.75,153695
1528,2026-09-07,19.25,19.299999237060547,18.850000381469727,19.149999618530273,389808
1529,2026-09-07,16.5,16.5,16.100000381469727,16.149999618530273,410615
1530,2026-09-07,28.600000381469727,29.149999618530273,28.5,29.0,19993
1531,2026-09-07,12.050000190734863,12.300000190734863,11.850000381469727,11.850000381469727,283180
1532,2026-09-07,23.0,23.0,22.75,22.799999237060547,277336
1533,2026-09-07,31.350000381469727,31.350000381469727,30.600000381469727,30.799999237060547,45115
1535,2026-09-07,45.650001525878906,46.099998474121094,45.349998474121094,46.0,55574
1536,2026-09-07,50.0,50.0,48.599998474121094,48.95000076293945,1746445
1537,2026-09-07,115.5,116.0,115.0,115.5,101978
1538,2026-09-07,9.0,9.199999809265137,9.0,9.0,42243
1539,2026-09-07,15.699999809265137,15.75,15.550000190734863,15.75,26543
1540,2026-09-07,19.700000762939453,19.899999618530273,19.5,19.5,116662
1541,2026-09-07,21.75,21.75,21.299999237060547,21.450000762939453,18022
1558,2026-09-07,108.0,108.0,106.0,106.5,143708
1560,2026-09-07,702.0,736.0,702.0,730.0,1762655
1563,2026-09-07,88.80000305175781,88.80000305175781,79.0,79.5,1524156
1568,2026-09-07,29.450000762939453,29.450000762939453,29.049999237060547,29.25,145192
1582,2026-09-07,74.4000015258789,74.4000015258789,73.19999694824219,73.5,227021
1583,2026-09-07,48.900001525878906,49.29999923706055,48.0,49.29999923706055,30803
1587,2026-09-07,24.25,24.450000762939453,23.899999618530273,24.049999237060547,121800
1590,2026-09-07,1420.0,1420.0,1355.0,1370.0,544004
1597,2026-09-07,159.5,164.0,151.0,152.0,5791416
1598,2026-09-07,20.350000381469727,20.549999237060547,20.100000381469727,20.5,311150
1603,2026-09-07,30.549999237060547,30.700000762939453,30.049999237060547,30.350000381469727,130833
1604,2026-09-07,23.600000381469727,23.649999618530273,23.549999237060547,23.649999618530273,341243
1605,2026-09-07,38.79999923706055,38.900001525878906,37.849998474121094,37.900001525878906,14392251
1608,2026-09-07,36.849998474121094,36.849998474121094,35.95000076293945,36.04999923706055,2263102
1609,2026-09-07,37.75,37.75,36.95000076293945,37.20000076293945,1952323
1611,2026-09-07,11.75,11.75,11.649999618530273,11.699999809265137,303883
1612,2026-09-07,35.099998474121094,35.099998474121094,34.650001525878906,34.70000076293945,477828
1614,2026-09-07,30.799999237060547,30.850000381469727,30.600000381469727,30.850000381469727,69050
1615,2026-09-07,44.5,44.5,43.5,43.849998474121094,87260
1616,2026-09-07,19.100000381469727,19.100000381469727,18.700000762939453,18.700000762939453,300234
1617,2026-09-07,18.700000762939453,18.700000762939453,17.850000381469727,17.850000381469727,450741
1618,2026-09-07,39.95000076293945,39.95000076293945,39.04999923706055,39.29999923706055,346143
1623,2026-09-07,208.5,208.5,204.0,205.0,55867
1626,2026-09-07,9.699999809265137,9.739999771118164,9.569999694824219,9.729999542236328,47762
1702,2026-09-07,32.900001525878906,32.900001525878906,32.5,32.599998474121094,97909
1707,2026-09-07,91.5,91.5,90.19999694824219,91.0,291030
1708,2026-09-07,51.599998474121094,51.599998474121094,50.0,50.0,2389744
1709,2026-09-07,34.5,34.70000076293945,33.29999923706055,34.20000076293945,6330347
1710,2026-09-07,16.0,16.049999237060547,15.550000190734863,15.649999618530273,3973439
1711,2026-09-07,42.5,42.5,40.70000076293945,40.900001525878906,4510267
1712,2026-09-07,40.900001525878906,40.900001525878906,40.25,40.29999923706055,614233
1713,2026-09-07,43.29999923706055,43.650001525878906,43.099998474121094,43.5,221970
1714,2026-09-07,16.75,16.75,16.350000381469727,16.450000762939453,7881307
1717,2026-09-07,77.69999694824219,77.9000015258789,73.0999984741211,73.5,17168563
1718,2026-09-07,10.75,10.75,10.399999618530273,10.449999809265137,11162514
1720,2026-09-07,56.5,56.5,55.79999923706055,56.20000076293945,191836
1721,2026-09-07,21.0,22.399999618530273,21.0,22.399999618530273,1221416
1722,2026-09-07,45.099998474121094,45.099998474121094,44.45000076293945,44.599998474121094,2516474
1723,2026-09-07,86.0,86.0,83.5999984741211,84.0,1170231
1725,2026-09-07,32.54999923706055,32.54999923706055,31.5,32.099998474121094,55384
1726,2026-09-07,78.19999694824219,78.19999694824219,77.0,77.80000305175781,28807
1727,2026-09-07,94.69999694824219,95.4000015258789,90.80000305175781,91.0,4247825
1730,2026-09-07,51.5,51.900001525878906,51.400001525878906,51.79999923706055,22803
1731,2026-09-07,21.100000381469727,21.100000381469727,20.850000381469727,20.950000762939453,90643
1732,2026-09-07,26.149999618530273,26.25,25.950000762939453,26.049999237060547,175469
1733,2026-09-07,32.29999923706055,32.5,31.700000762939453,31.700000762939453,260715
1734,2026-09-07,30.649999618530273,31.299999237060547,30.350000381469727,31.149999618530273,582758
1735,2026-09-07,20.450000762939453,20.450000762939453,20.0,20.25,55122
1736,2026-09-07,127.5,127.5,125.0,126.0,166051
1737,2026-09-07,30.799999237060547,30.799999237060547,30.549999237060547,30.549999237060547,292484
1752,2026-09-07,31.850000381469727,32.0,31.5,31.75,46469
1760,2026-09-07,56.400001525878906,56.70000076293945,56.0,56.400001525878906,103576
1762,2026-09-07,35.75,35.75,35.0,35.0,113952
1773,2026-09-07,164.5,164.5,160.5,160.5,507739
1776,2026-09-07,17.149999618530273,17.149999618530273,16.950000762939453,17.149999618530273,31420
1783,2026-09-07,39.0,39.0,38.0,38.04999923706055,80204
1786,2026-09-07,47.5,47.5,45.849998474121094,45.900001525878906,165181
1789,2026-09-07,19.399999618530273,19.649999618530273,19.100000381469727,19.399999618530273,556228
1795,2026-09-07,184.0,184.0,180.5,180.5,549427
1802,2026-09-07,60.400001525878906,61.5,60.0,60.70000076293945,21699770
1805,2026-09-07,10.149999618530273,10.149999618530273,10.0,10.100000381469727,102120
1806,2026-09-07,8.039999961853027,8.079999923706055,8.010000228881836,8.050000190734863,129827
1808,2026-09-07,35.04999923706055,35.04999923706055,34.0,34.25,1127521
1809,2026-09-07,37.75,38.25,37.5,37.900001525878906,842011
1810,2026-09-07,24.399999618530273,24.5,24.0,24.049999237060547,1431118
1817,2026-09-07,40.099998474121094,40.20000076293945,39.900001525878906,40.099998474121094,97378
1903,2026-09-07,47.650001525878906,47.70000076293945,47.25,47.599998474121094,59153
1904,2026-09-07,25.0,25.0,24.100000381469727,24.450000762939453,2217165
1905,2026-09-07,13.600000381469727,13.600000381469727,13.199999809265137,13.199999809265137,1593930
1906,2026-09-07,11.199999809265137,11.350000381469727,11.199999809265137,11.199999809265137,65570
1907,2026-09-07,30.200000762939453,30.200000762939453,28.850000381469727,29.100000381469727,1673443
1909,2026-09-07,11.050000190734863,11.100000381469727,10.800000190734863,10.850000381469727,2658929
2006,2026-09-07,81.9000015258789,81.9000015258789,80.4000015258789,80.80000305175781,1202389
2002,2026-09-07,19.149999618530273,19.149999618530273,19.0,19.0,15887664
2007,2026-09-07,6.989999771118164,7.0,6.949999809265137,6.989999771118164,85692
2008,2026-09-07,30.899999618530273,31.5,30.850000381469727,31.399999618530273,19175
2009,2026-09-07,39.900001525878906,39.900001525878906,38.79999923706055,38.95000076293945,1259081
2010,2026-09-07,22.700000762939453,22.700000762939453,22.100000381469727,22.299999237060547,1171661
2012,2026-09-07,14.449999809265137,14.600000381469727,14.300000190734863,14.600000381469727,44022
2013,2026-09-07,41.75,41.75,41.5,41.75,50797
2015,2026-09-07,65.19999694824219,65.19999694824219,63.79999923706055,64.69999694824219,203392
2014,2026-09-07,17.149999618530273,17.149999618530273,16.850000381469727,17.0,1379522
2017,2026-09-07,9.140000343322754,9.15999984741211,8.920000076293945,8.930000305175781,1020956
2020,2026-09-07,22.049999237060547,22.049999237060547,21.649999618530273,21.649999618530273,423239
2023,2026-09-07,13.949999809265137,13.949999809265137,13.75,13.949999809265137,675686
2022,2026-09-07,7.550000190734863,7.550000190734863,7.440000057220459,7.480000019073486,451258
2024,2026-09-07,13.25,13.350000381469727,13.0,13.350000381469727,91850
2025,2026-09-07,12.600000381469727,12.649999618530273,12.300000190734863,12.449999809265137,477100
2027,2026-09-07,50.599998474121094,50.599998474121094,48.29999923706055,49.099998474121094,20630302
2028,2026-09-07,15.800000190734863,15.800000190734863,15.649999618530273,15.75,84152
2029,2026-09-07,21.950000762939453,21.950000762939453,21.399999618530273,21.399999618530273,516993
2030,2026-09-07,23.350000381469727,23.5,22.549999237060547,22.850000381469727,2362501
2031,2026-09-07,45.5,45.5,44.20000076293945,44.29999923706055,602831
2032,2026-09-07,17.299999237060547,17.299999237060547,16.799999237060547,17.100000381469727,338601
2033,2026-09-07,26.100000381469727,27.350000381469727,25.700000762939453,25.700000762939453,1215741
2034,2026-09-07,21.399999618530273,21.399999618530273,20.549999237060547,20.899999618530273,1585844
2049,2026-09-07,371.0,377.5,362.5,364.5,3885406
2038,2026-09-07,12.850000381469727,12.850000381469727,12.449999809265137,12.449999809265137,256727
2059,2026-09-07,14015.0,14145.0,13700.0,13905.0,300218
2062,2026-09-07,19.5,19.5,19.299999237060547,19.450000762939453,131996
2069,2026-09-07,21.200000762939453,21.200000762939453,20.399999618530273,20.399999618530273,527856
2072,2026-09-07,135.5,137.0,132.0,132.0,539569
2101,2026-09-07,31.649999618530273,31.649999618530273,31.0,31.100000381469727,1518565
2102,2026-09-07,18.299999237060547,18.299999237060547,17.799999237060547,17.899999618530273,390065
2103,2026-09-07,28.450000762939453,28.450000762939453,27.200000762939453,27.399999618530273,6928750
2104,2026-09-07,10.399999618530273,10.399999618530273,9.970000267028809,10.050000190734863,5334017
2105,2026-09-07,31.149999618530273,31.149999618530273,30.5,30.700000762939453,3947546
2106,2026-09-07,17.399999618530273,17.399999618530273,16.850000381469727,16.950000762939453,2147204
2107,2026-09-07,26.850000381469727,26.850000381469727,26.350000381469727,26.5,192163
2108,2026-09-07,29.950000762939453,30.049999237060547,28.850000381469727,29.0,1438013
2114,2026-09-07,88.80000305175781,90.30000305175781,88.5999984741211,90.0,22436
2109,2026-09-07,14.800000190734863,14.899999618530273,14.75,14.899999618530273,170019
2115,2026-09-07,23.799999237060547,23.850000381469727,23.600000381469727,23.799999237060547,15050
2201,2026-09-07,31.149999618530273,31.25,30.700000762939453,30.799999237060547,4244330
2204,2026-09-07,54.20000076293945,54.20000076293945,53.400001525878906,53.599998474121094,736868
2206,2026-09-07,64.0999984741211,64.0999984741211,62.70000076293945,63.400001525878906,498581
2207,2026-09-07,548.0,548.0,533.0,539.0,281894
2208,2026-09-07,19.100000381469727,19.100000381469727,18.799999237060547,18.799999237060547,1304782
2211,2026-09-07,83.5999984741211,83.5999984741211,82.4000015258789,83.0,236498
2227,2026-09-07,48.29999923706055,48.29999923706055,47.099998474121094,48.29999923706055,42829
2228,2026-09-07,73.80000305175781,74.9000015258789,73.5,74.9000015258789,70803
2231,2026-09-07,93.5,93.5,90.19999694824219,90.30000305175781,220834
2233,2026-09-07,170.0,171.0,166.5,168.5,342390
2236,2026-09-07,121.5,121.5,118.5,120.0,197841
2239,2026-09-07,19.950000762939453,20.149999618530273,19.649999618530273,19.899999618530273,36001
2241,2026-09-07,35.45000076293945,35.54999923706055,34.349998474121094,34.349998474121094,293792
2243,2026-09-07,47.0,47.099998474121094,44.900001525878906,45.25,273242
2247,2026-09-07,235.5,235.5,229.5,234.0,38358
2248,2026-09-07,61.099998474121094,61.099998474121094,60.099998474121094,60.400001525878906,54253
2250,2026-09-07,57.29999923706055,58.20000076293945,57.099998474121094,57.099998474121094,23547
2301,2026-09-07,314.0,314.0,297.0,299.0,24980727
2302,2026-09-07,43.5,45.0,43.099998474121094,43.29999923706055,3863717
2305,2026-09-07,31.100000381469727,33.70000076293945,30.549999237060547,33.400001525878906,12462545
2303,2026-09-07,134.5,143.0,134.0,143.0,337280402
2312,2026-09-07,33.349998474121094,33.349998474121094,31.850000381469727,32.29999923706055,11800208
2308,2026-09-07,1845.0,1885.0,1825.0,1850.0,7533508
2313,2026-09-07,252.5,258.0,239.0,240.0,56772469
2314,2026-09-07,11.350000381469727,11.350000381469727,11.149999618530273,11.199999809265137,39662
2316,2026-09-07,156.5,162.0,155.0,159.0,1655678
2317,2026-09-07,258.5,259.0,252.5,256.0,33954821
2321,2026-09-07,13.449999809265137,14.399999618530273,13.449999809265137,14.399999618530273,4666
2323,2026-09-07,10.850000381469727,10.899999618530273,10.75,10.800000190734863,4158683
2324,2026-09-07,41.599998474121094,41.599998474121094,39.20000076293945,40.04999923706055,125370556
2327,2026-09-07,575.0,605.0,570.0,589.0,71127288
2329,2026-09-07,43.5,43.900001525878906,43.150001525878906,43.29999923706055,1457628
2328,2026-09-07,47.20000076293945,47.29999923706055,45.79999923706055,46.0,1579834
2331,2026-09-07,19.899999618530273,19.899999618530273,19.25,19.350000381469727,1115961
2330,2026-09-07,2435.0,2460.0,2430.0,2460.0,26592285
2337,2026-09-07,124.5,126.5,123.0,124.5,28723068
2332,2026-09-07,19.700000762939453,19.799999237060547,19.149999618530273,19.450000762939453,11562138
2338,2026-09-07,39.0,39.20000076293945,38.25,38.54999923706055,934344
2340,2026-09-07,34.20000076293945,34.599998474121094,33.04999923706055,33.20000076293945,2781418
2342,2026-09-07,40.29999923706055,41.20000076293945,39.54999923706055,39.75,2861958
2344,2026-09-07,181.0,183.5,178.0,180.0,118639603
2345,2026-09-07,2150.0,2155.0,2090.0,2100.0,1973816
2347,2026-09-07,89.0,89.80000305175781,87.30000305175781,89.30000305175781,2673785
2348,2026-09-07,72.19999694824219,72.30000305175781,70.80000305175781,71.19999694824219,361564
2349,2026-09-07,11.149999618530273,11.149999618530273,10.75,10.800000190734863,1840751
2351,2026-09-07,236.0,244.5,229.0,233.5,7235932
2352,2026-09-07,29.700000762939453,29.700000762939453,28.600000381469727,29.0,5709291
2353,2026-09-07,33.0,33.04999923706055,31.649999618530273,32.29999923706055,28972876
2354,2026-09-07,66.69999694824219,66.80000305175781,64.69999694824219,65.69999694824219,11504412
2355,2026-09-07,42.95000076293945,43.29999923706055,42.099998474121094,42.20000076293945,1255273
2356,2026-09-07,68.19999694824219,68.19999694824219,65.19999694824219,66.0999984741211,24931775
2357,2026-09-07,1025.0,1025.0,981.0,999.0,4998224
2359,2026-09-07,143.0,144.0,141.5,142.0,2127210
2360,2026-09-07,2140.0,2230.0,2100.0,2230.0,1744160
2362,2026-09-07,49.45000076293945,49.45000076293945,47.75,47.95000076293945,1175942
2363,2026-09-07,52.0,53.400001525878906,51.099998474121094,52.5,9151609
2364,2026-09-07,67.4000015258789,67.4000015258789,65.5,66.19999694824219,380993
2365,2026-09-07,29.5,29.5,28.299999237060547,28.649999618530273,788779
2367,2026-09-07,43.599998474121094,43.650001525878906,42.29999923706055,42.400001525878906,3151661
2368,2026-09-07,1090.0,1145.0,1060.0,1120.0,8118717
2369,2026-09-07,31.450000762939453,31.75,30.899999618530273,30.950000762939453,3232226
2371,2026-09-07,28.299999237060547,28.350000381469727,27.799999237060547,28.149999618530273,5188744
2373,2026-09-07,53.20000076293945,53.79999923706055,52.900001525878906,53.79999923706055,50203
2374,2026-09-07,68.9000015258789,69.0,67.30000305175781,67.5,1881285
2375,2026-09-07,128.0,130.5,126.0,127.0,4874372
2376,2026-09-07,369.5,371.0,361.0,364.5,5296828
2377,2026-09-07,164.0,164.0,156.0,158.5,14256453
2379,2026-09-07,720.0,738.0,706.0,729.0,2769524
2380,2026-09-07,19.25,19.25,17.600000381469727,18.299999237060547,159966
2382,2026-09-07,350.0,351.5,340.5,347.5,13535774
2383,2026-09-07,5550.0,5580.0,5280.0,5495.0,1510704
2385,2026-09-07,111.5,111.5,109.0,110.5,2861393
2387,2026-09-07,36.400001525878906,36.400001525878906,36.0,36.20000076293945,326998
2388,2026-09-07,82.0,83.0,77.0999984741211,77.69999694824219,8917139
2390,2026-09-07,10.25,10.25,10.0,10.050000190734863,547883
2392,2026-09-07,46.20000076293945,46.29999923706055,44.29999923706055,44.349998474121094,3262376
2393,2026-09-07,64.80000305175781,64.9000015258789,63.20000076293945,63.5,1597859
2395,2026-09-07,727.0,727.0,677.0,680.0,3559396
2397,2026-09-07,62.900001525878906,62.900001525878906,61.20000076293945,61.900001525878906,225082
2399,2026-09-07,47.5,48.45000076293945,46.70000076293945,46.79999923706055,7397220
2401,2026-09-07,25.700000762939453,25.950000762939453,25.399999618530273,25.549999237060547,1719789
2402,2026-09-07,57.900001525878906,57.900001525878906,56.0,56.099998474121094,1303338
2404,2026-09-07,1070.0,1085.0,1060.0,1080.0,947601
2405,2026-09-07,15.199999809265137,15.25,14.949999809265137,15.050000190734863,1063602
2406,2026-09-07,27.5,27.700000762939453,27.200000762939453,27.25,2045490
2408,2026-09-07,519.0,525.0,508.0,517.0,56960926
2409,2026-09-07,26.950000762939453,29.450000762939453,26.700000762939453,28.700000762939453,522633576
2412,2026-09-07,138.5,138.5,136.5,138.0,8947619
2413,2026-09-07,47.849998474121094,49.29999923706055,46.20000076293945,48.349998474121094,9642888
2414,2026-09-07,52.70000076293945,52.70000076293945,51.79999923706055,52.099998474121094,120466
2415,2026-09-07,28.399999618530273,28.75,28.350000381469727,28.600000381469727,146743
2417,2026-09-07,41.70000076293945,41.75,39.79999923706055,39.79999923706055,1564333
2419,2026-09-07,27.5,27.549999237060547,26.700000762939453,26.950000762939453,1664156
2420,2026-09-07,55.0,55.0,54.0,54.20000076293945,194989
2421,2026-09-07,178.0,178.5,169.0,171.5,6509119
2423,2026-09-07,75.0,75.0,73.69999694824219,74.30000305175781,38038
2425,2026-09-07,38.5,38.650001525878906,37.29999923706055,37.29999923706055,748115
2426,2026-09-07,106.0,109.5,99.0999984741211,99.0999984741211,60894657
2427,2026-09-07,22.450000762939453,22.450000762939453,21.799999237060547,21.799999237060547,430367
2428,2026-09-07,263.0,266.0,259.0,259.5,1424819
2429,2026-09-07,31.149999618530273,31.700000762939453,30.799999237060547,31.0,243435
2430,2026-09-07,17.850000381469727,17.899999618530273,17.649999618530273,17.899999618530273,58314
2431,2026-09-07,10.100000381469727,10.100000381469727,10.0,10.100000381469727,90689
2433,2026-09-07,41.599998474121094,41.75,41.29999923706055,41.599998474121094,27039
2434,2026-09-07,65.0,66.5,64.0,64.80000305175781,730448
2436,2026-09-07,69.0999984741211,71.69999694824219,69.0999984741211,71.69999694824219,15531881
2438,2026-09-07,22.200000762939453,22.299999237060547,20.799999237060547,20.850000381469727,326093
2439,2026-09-07,77.80000305175781,77.80000305175781,76.5,76.9000015258789,1747000
2440,2026-09-07,15.300000190734863,15.300000190734863,14.449999809265137,14.449999809265137,627639
2441,2026-09-07,118.0,119.0,117.0,118.0,3077719
2442,2026-09-07,19.399999618530273,19.450000762939453,19.25,19.450000762939453,4502520
2444,2026-09-07,10.899999618530273,11.850000381469727,10.850000381469727,11.850000381469727,815888
2449,2026-09-07,268.5,278.0,266.5,273.0,26417352
2450,2026-09-07,28.350000381469727,28.450000762939453,28.200000762939453,28.350000381469727,121653
2451,2026-09-07,289.5,293.0,286.0,289.5,2654662
2453,2026-09-07,51.900001525878906,52.20000076293945,51.70000076293945,51.900001525878906,207169
2454,2026-09-07,4500.0,4855.0,4485.0,4760.0,17099772
2455,2026-09-07,525.0,525.0,491.0,500.0,3471510
2457,2026-09-07,22.950000762939453,23.0,22.600000381469727,22.899999618530273,726037
2458,2026-09-07,128.0,131.0,124.5,131.0,2598485
2459,2026-09-07,66.80000305175781,66.80000305175781,65.5999984741211,66.4000015258789,90721
2460,2026-09-07,28.649999618530273,28.649999618530273,28.100000381469727,28.450000762939453,177469
2461,2026-09-07,18.350000381469727,18.450000762939453,18.200000762939453,18.299999237060547,539139
2464,2026-09-07,213.0,213.0,202.5,203.0,16813945
2462,2026-09-07,20.100000381469727,20.100000381469727,19.549999237060547,19.549999237060547,260849
2465,2026-09-07,99.19999694824219,103.5,98.5999984741211,102.5,6154239
2466,2026-09-07,99.5,103.5,98.0,100.5,913305
2467,2026-09-07,616.0,635.0,607.0,619.0,1067292
2468,2026-09-07,33.849998474121094,33.849998474121094,33.29999923706055,33.5,113980
2471,2026-09-07,49.900001525878906,50.29999923706055,49.75,49.75,96328
2472,2026-09-07,230.0,235.5,225.0,226.0,3058218
2476,2026-09-07,124.0,124.0,120.5,122.0,1134393
2474,2026-09-07,210.0,210.0,206.5,208.5,1940178
2477,2026-09-07,21.75,21.75,21.549999237060547,21.649999618530273,72995
2478,2026-09-07,128.5,131.0,126.0,127.0,7648547
2480,2026-09-07,157.0,158.0,153.5,157.5,203692
2481,2026-09-07,158.0,168.0,155.0,158.0,60658862
2482,2026-09-07,16.25,16.25,15.5,15.5,202590
2483,2026-09-07,34.099998474121094,34.099998474121094,33.04999923706055,33.04999923706055,489165
2484,2026-09-07,71.5999984741211,72.19999694824219,70.30000305175781,70.30000305175781,5838381
2485,2026-09-07,41.75,41.849998474121094,40.70000076293945,40.70000076293945,2124637
2486,2026-09-07,262.5,266.0,252.0,254.5,6465807
2488,2026-09-07,49.45000076293945,49.45000076293945,48.5,48.70000076293945,128082
2489,2026-09-07,41.0,41.650001525878906,40.54999923706055,40.900001525878906,18361257
2491,2026-09-07,42.0,44.45000076293945,40.79999923706055,43.0,2599634
2492,2026-09-07,310.0,328.0,309.5,323.0,47326298
2493,2026-09-07,184.0,187.0,181.0,184.0,931452
2495,2026-09-07,38.0,38.0,36.599998474121094,37.400001525878906,1004638
2496,2026-09-07,55.20000076293945,55.5,55.0,55.0,9315
2497,2026-09-07,45.599998474121094,45.650001525878906,44.25,44.25,360095
2498,2026-09-07,41.70000076293945,41.900001525878906,41.0,41.0,4136941
2501,2026-09-07,22.649999618530273,22.649999618530273,22.049999237060547,22.299999237060547,2770798
2504,2026-09-07,31.5,31.5,31.100000381469727,31.299999237060547,997208
2505,2026-09-07,17.200000762939453,17.350000381469727,17.049999237060547,17.25,169906
2506,2026-09-07,8.5600004196167,8.59000015258789,8.539999961853027,8.579999923706055,39473
2509,2026-09-07,14.949999809265137,15.0,14.649999618530273,14.899999618530273,136769
2511,2026-09-07,8.489999771118164,8.520000457763672,8.40999984741211,8.520000457763672,1278600
2514,2026-09-07,11.850000381469727,11.850000381469727,11.649999618530273,11.75,74398
2515,2026-09-07,12.199999809265137,12.199999809265137,11.899999618530273,11.899999618530273,4903388
2516,2026-09-07,14.199999809265137,14.300000190734863,14.100000381469727,14.100000381469727,105679
2520,2026-09-07,37.45000076293945,37.45000076293945,36.45000076293945,36.599998474121094,1707740
2524,2026-09-07,35.0,35.70000076293945,34.70000076293945,35.70000076293945,66115
2527,2026-09-07,43.849998474121094,45.79999923706055,43.0,43.400001525878906,1346660
2528,2026-09-07,20.350000381469727,20.350000381469727,19.899999618530273,20.100000381469727,246891
2530,2026-09-07,20.399999618530273,20.399999618530273,19.700000762939453,19.75,723700
2534,2026-09-07,17.149999618530273,17.149999618530273,16.899999618530273,16.950000762939453,210353
2535,2026-09-07,90.0999984741211,90.0999984741211,88.69999694824219,89.19999694824219,173209
2536,2026-09-07,19.25,19.25,18.850000381469727,18.850000381469727,494440
2537,2026-09-07,11.649999618530273,11.649999618530273,11.300000190734863,11.300000190734863,1867582
2538,2026-09-07,8.890000343322754,8.890000343322754,8.789999961853027,8.789999961853027,463677
2539,2026-09-07,35.150001525878906,35.150001525878906,34.900001525878906,35.150001525878906,766460
2540,2026-09-07,47.79999923706055,47.79999923706055,46.599998474121094,46.900001525878906,399575
2542,2026-09-07,48.54999923706055,48.54999923706055,47.599998474121094,48.0,7651209
2543,2026-09-07,38.900001525878906,38.900001525878906,38.25,38.650001525878906,661054
2545,2026-09-07,35.29999923706055,35.29999923706055,34.5,34.5,294314
2546,2026-09-07,109.0,109.0,105.0,105.5,142652
2547,2026-09-07,10.100000381469727,10.100000381469727,9.930000305175781,9.949999809265137,1458747
2548,2026-09-07,95.0,95.0,93.30000305175781,94.19999694824219,563583
2597,2026-09-07,171.5,171.5,169.0,171.0,131893
2601,2026-09-07,6.789999961853027,6.849999904632568,6.71999979019165,6.800000190734863,2019018
2603,2026-09-07,234.0,235.0,232.0,233.0,5608759
2605,2026-09-07,36.0,36.599998474121094,35.79999923706055,36.349998474121094,7654379
2606,2026-09-07,79.0,79.0,76.69999694824219,78.5999984741211,5282706
2607,2026-09-07,54.0,54.0,52.79999923706055,53.099998474121094,349955
2608,2026-09-07,28.850000381469727,28.850000381469727,28.399999618530273,28.549999237060547,254697
2609,2026-09-07,58.5,58.70000076293945,58.0,58.099998474121094,15622971
2610,2026-09-07,20.600000381469727,20.600000381469727,20.299999237060547,20.450000762939453,13815816
2611,2026-09-07,14.5,14.550000190734863,14.25,14.25,474229
2612,2026-09-07,63.79999923706055,64.30000305175781,63.0,64.0,605408
2613,2026-09-07,22.75,22.950000762939453,22.549999237060547,22.700000762939453,403408
2614,2026-09-07,18.299999237060547,18.299999237060547,18.049999237060547,18.049999237060547,1183623
2615,2026-09-07,116.0,116.5,114.0,114.5,9038479
2617,2026-09-07,32.75,33.150001525878906,32.20000076293945,32.900001525878906,3608362
2616,2026-09-07,13.5,13.5,13.350000381469727,13.399999618530273,82669
2618,2026-09-07,42.79999923706055,42.79999923706055,41.79999923706055,42.099998474121094,12931611
2630,2026-09-07,50.900001525878906,50.900001525878906,49.650001525878906,49.79999923706055,667519
2634,2026-09-07,66.0999984741211,66.80000305175781,64.69999694824219,66.30000305175781,10803076
2633,2026-09-07,26.100000381469727,26.149999618530273,25.950000762939453,26.0,5289869
2636,2026-09-07,69.4000015258789,69.69999694824219,68.9000015258789,69.5,248487
2637,2026-09-07,100.5,101.0,97.5,99.19999694824219,2774920
2642,2026-09-07,20.399999618530273,20.600000381469727,20.350000381469727,20.399999618530273,69320
2645,2026-09-07,175.0,176.5,174.0,174.0,968970
2646,2026-09-07,20.75,20.75,20.450000762939453,20.5,3150531
2701,2026-09-07,10.399999618530273,10.5,10.399999618530273,10.399999618530273,66858
2702,2026-09-07,12.800000190734863,12.800000190734863,12.5,12.699999809265137,59453
2704,2026-09-07,45.95000076293945,45.95000076293945,45.400001525878906,45.599998474121094,88254
2705,2026-09-07,15.850000381469727,15.850000381469727,15.550000190734863,15.649999618530273,96153
2706,2026-09-07,12.550000190734863,12.600000381469727,12.449999809265137,12.550000190734863,313771
2707,2026-09-07,180.0,180.0,177.5,179.0,104563
2712,2026-09-07,14.350000381469727,14.600000381469727,14.350000381469727,14.600000381469727,20088
2722,2026-09-07,21.600000381469727,22.049999237060547,21.399999618530273,21.850000381469727,33831
2723,2026-09-07,83.80000305175781,83.80000305175781,81.5,82.4000015258789,253617
2727,2026-09-07,233.5,233.5,228.0,230.0,313251
2731,2026-09-07,145.0,145.0,143.0,144.5,183128
2739,2026-09-07,38.0,38.349998474121094,37.599998474121094,37.95000076293945,63771
2748,2026-09-07,39.0,39.20000076293945,38.599998474121094,38.849998474121094,89689
2753,2026-09-07,180.0,180.0,179.0,179.5,80523
2762,2026-09-07,82.80000305175781,82.80000305175781,81.30000305175781,82.19999694824219,66041
2801,2026-09-07,26.799999237060547,26.799999237060547,26.200000762939453,26.5,24173446
2812,2026-09-07,19.450000762939453,19.450000762939453,19.049999237060547,19.25,14092842
2816,2026-09-07,40.29999923706055,40.29999923706055,38.75,38.79999923706055,689304
2820,2026-09-07,17.100000381469727,17.100000381469727,16.75,16.850000381469727,3699592
2832,2026-09-07,58.70000076293945,58.70000076293945,57.900001525878906,57.900001525878906,160127
2834,2026-09-07,17.049999237060547,17.200000762939453,16.899999618530273,17.200000762939453,42511888
2836,2026-09-07,12.300000190734863,12.300000190734863,12.149999618530273,12.199999809265137,1223278
2838,2026-09-07,20.899999618530273,21.0,20.700000762939453,20.950000762939453,2363671
2845,2026-09-07,13.699999809265137,13.800000190734863,13.550000190734863,13.75,14844726
2849,2026-09-07,15.100000381469727,16.149999618530273,15.100000381469727,15.699999809265137,709302
2850,2026-09-07,161.0,161.0,156.5,157.0,460459
2851,2026-09-07,46.900001525878906,46.900001525878906,44.45000076293945,44.95000076293945,4273963
2852,2026-09-07,28.450000762939453,28.450000762939453,27.950000762939453,27.950000762939453,430389
2880,2026-09-07,44.70000076293945,44.70000076293945,43.95000076293945,44.349998474121094,13063393
2855,2026-09-07,51.20000076293945,52.29999923706055,50.400001525878906,52.0,5696915
2881,2026-09-07,155.0,155.5,148.0,149.5,21454499
2883,2026-09-07,37.099998474121094,37.45000076293945,36.29999923706055,36.95000076293945,51277570
2882,2026-09-07,117.0,117.0,113.5,114.5,25197198
2884,2026-09-07,44.0,44.400001525878906,43.25,43.54999923706055,53426112
2885,2026-09-07,70.9000015258789,70.9000015258789,69.0999984741211,70.19999694824219,20512420
2889,2026-09-07,16.649999618530273,16.700000762939453,16.350000381469727,16.450000762939453,15596583
2887,2026-09-07,41.849998474121094,41.849998474121094,40.70000076293945,41.099998474121094,57486245
2886,2026-09-07,50.400001525878906,50.400001525878906,49.29999923706055,50.20000076293945,20294723
2890,2026-09-07,43.25,43.25,42.150001525878906,42.599998474121094,19187096
2891,2026-09-07,68.4000015258789,69.5,67.0999984741211,67.4000015258789,29404646
2892,2026-09-07,38.0,38.0,36.849998474121094,37.29999923706055,38930261
2897,2026-09-07,10.899999618530273,10.949999809265137,10.699999809265137,10.75,7811239
2901,2026-09-07,23.799999237060547,23.799999237060547,23.149999618530273,23.700000762939453,16199
2904,2026-09-07,12.75,12.850000381469727,12.649999618530273,12.649999618530273,52667
2903,2026-09-07,22.600000381469727,22.600000381469727,22.149999618530273,22.25,1058249
2905,2026-09-07,18.25,18.299999237060547,17.899999618530273,17.899999618530273,1487090
2906,2026-09-07,13.899999618530273,13.899999618530273,13.5,13.75,147845
2910,2026-09-07,23.799999237060547,24.149999618530273,23.75,23.75,33002
2908,2026-09-07,22.149999618530273,22.600000381469727,22.149999618530273,22.25,349551
2911,2026-09-07,6.599999904632568,6.599999904632568,6.389999866485596,6.389999866485596,176812
2912,2026-09-07,217.5,217.5,214.0,215.0,1326981
2913,2026-09-07,11.100000381469727,11.100000381469727,10.949999809265137,10.949999809265137,1510668
2915,2026-09-07,57.79999923706055,57.79999923706055,56.599998474121094,56.70000076293945,1485497
2923,2026-09-07,26.25,28.0,26.0,27.100000381469727,295348
2929,2026-09-07,5.769999980926514,5.789999961853027,5.699999809265137,5.71999979019165,122631
2939,2026-09-07,20.0,20.0,19.299999237060547,19.75,65000
2945,2026-09-07,40.099998474121094,40.099998474121094,40.0,40.099998474121094,14755
3002,2026-09-07,17.399999618530273,17.399999618530273,17.100000381469727,17.299999237060547,72180
3003,2026-09-07,65.0,65.0,59.0,59.0,3351577
3005,2026-09-07,115.5,116.0,112.0,113.0,2429993
3004,2026-09-07,122.5,123.0,120.0,120.0,510246
3008,2026-09-07,7185.0,7185.0,6660.0,6660.0,2461676
3006,2026-09-07,288.0,304.0,288.0,297.0,25692058
3010,2026-09-07,130.5,130.5,128.5,129.5,526374
3011,2026-09-07,10.199999809265137,10.25,10.0,10.0,490905
3013,2026-09-07,89.5,89.5,86.30000305175781,86.30000305175781,899397
3014,2026-09-07,133.0,133.0,130.5,132.0,641433
3015,2026-09-07,53.79999923706055,53.79999923706055,52.5,53.0,172243
3016,2026-09-07,103.0,103.5,100.0,100.5,2692707
3017,2026-09-07,3595.0,3595.0,3410.0,3420.0,3290919
3018,2026-09-07,11.800000190734863,11.899999618530273,11.5,11.600000381469727,50590
3019,2026-09-07,145.5,145.5,141.0,142.0,5123114
3021,2026-09-07,25.0,26.649999618530273,23.850000381469727,25.450000762939453,3011451
3022,2026-09-07,97.0,98.5999984741211,91.19999694824219,91.5,4747730
3023,2026-09-07,343.0,348.0,338.5,339.5,1464651
3024,2026-09-07,14.050000190734863,14.399999618530273,14.050000190734863,14.300000190734863,872099
3025,2026-09-07,51.79999923706055,51.900001525878906,50.29999923706055,50.900001525878906,336934
3026,2026-09-07,770.0,771.0,761.0,771.0,3642844
3027,2026-09-07,18.399999618530273,18.399999618530273,18.049999237060547,18.049999237060547,146626
3028,2026-09-07,64.30000305175781,64.69999694824219,63.400001525878906,63.400001525878906,815876
3029,2026-09-07,113.0,113.0,108.5,109.5,917727
3030,2026-09-07,284.0,285.5,281.0,282.0,850763
3031,2026-09-07,25.049999237060547,25.200000762939453,24.299999237060547,24.600000381469727,595093
3032,2026-09-07,79.69999694824219,79.69999694824219,78.30000305175781,78.5999984741211,264959
3033,2026-09-07,44.29999923706055,44.54999923706055,43.20000076293945,43.25,4245528
3034,2026-09-07,534.0,540.0,525.0,540.0,2289701
3035,2026-09-07,182.5,182.5,177.0,179.0,1563180
3036,2026-09-07,195.0,195.0,191.5,192.5,5612417
3037,2026-09-07,939.0,965.0,911.0,949.0,21771321
3038,2026-09-07,20.149999618530273,20.25,20.0,20.100000381469727,223166
3040,2026-09-07,35.70000076293945,36.5,35.04999923706055,35.70000076293945,181434
3041,2026-09-07,23.299999237060547,23.399999618530273,22.899999618530273,22.899999618530273,490035
3042,2026-09-07,175.0,180.0,172.5,176.5,8507201
3043,2026-09-07,21.0,21.149999618530273,20.899999618530273,20.950000762939453,29563
3044,2026-09-07,495.5,500.0,489.0,493.0,1384725
3045,2026-09-07,118.0,118.0,116.5,117.0,4445650
3046,2026-09-07,55.0,55.400001525878906,54.20000076293945,54.400001525878906,418788
3047,2026-09-07,13.649999618530273,13.649999618530273,13.399999618530273,13.399999618530273,392714
3048,2026-09-07,54.099998474121094,54.099998474121094,53.20000076293945,53.5,716119
3049,2026-09-07,12.899999618530273,13.050000190734863,12.699999809265137,12.75,6637714
3050,2026-09-07,11.5,11.5,11.350000381469727,11.399999618530273,284479
3051,2026-09-07,21.899999618530273,21.899999618530273,21.5,21.5,721032
3052,2026-09-07,10.5,10.550000190734863,10.449999809265137,10.449999809265137,105988
3054,2026-09-07,55.70000076293945,58.70000076293945,55.70000076293945,57.79999923706055,131714
3055,2026-09-07,133.5,144.0,133.0,134.5,3486050
3057,2026-09-07,17.350000381469727,17.350000381469727,16.899999618530273,17.049999237060547,51873
3056,2026-09-07,14.199999809265137,14.199999809265137,13.850000381469727,14.050000190734863,474598
3058,2026-09-07,8.050000190734863,8.149999618530273,8.0,8.0,405996
3059,2026-09-07,39.599998474121094,39.599998474121094,38.900001525878906,39.0,1021307
3060,2026-09-07,26.799999237060547,26.799999237060547,26.0,26.200000762939453,575073
3062,2026-09-07,20.899999618530273,20.899999618530273,20.350000381469727,20.5,913479
3090,2026-09-07,179.5,183.0,171.0,171.5,14250098
3092,2026-09-07,23.75,23.75,23.200000762939453,23.549999237060547,91913
3094,2026-09-07,49.0,50.79999923706055,44.79999923706055,44.79999923706055,19582185
3130,2026-09-07,210.0,210.5,209.5,210.0,51265
3135,2026-09-07,175.5,176.5,172.5,173.0,849765
3138,2026-09-07,95.5,96.0999984741211,93.5999984741211,93.5999984741211,117181
3149,2026-09-07,60.70000076293945,61.599998474121094,60.0,60.79999923706055,3271648
3164,2026-09-07,16.25,16.25,15.75,15.949999809265137,29791
3167,2026-09-07,883.0,883.0,878.0,883.0,1835737
3168,2026-09-07,42.54999923706055,43.5,42.29999923706055,43.099998474121094,27559
3189,2026-09-07,819.0,831.0,805.0,813.0,16990245
3209,2026-09-07,46.900001525878906,46.900001525878906,45.900001525878906,45.900001525878906,1214130
3229,2026-09-07,50.400001525878906,51.29999923706055,49.45000076293945,50.599998474121094,548042
3257,2026-09-07,49.900001525878906,49.900001525878906,49.099998474121094,49.099998474121094,153931
3231,2026-09-07,199.5,200.5,192.0,197.0,65569843
3266,2026-09-07,13.949999809265137,14.050000190734863,13.899999618530273,14.050000190734863,47063
3296,2026-09-07,24.25,24.25,23.549999237060547,24.25,28471
3308,2026-09-07,22.299999237060547,22.950000762939453,21.600000381469727,21.899999618530273,64427
3305,2026-09-07,112.0,112.5,109.0,109.5,1238258
3311,2026-09-07,32.099998474121094,32.099998474121094,31.600000381469727,31.75,81123
3312,2026-09-07,53.099998474121094,53.29999923706055,52.29999923706055,52.599998474121094,705035
3321,2026-09-07,18.100000381469727,18.399999618530273,17.700000762939453,17.700000762939453,284474
3338,2026-09-07,66.19999694824219,66.5,65.30000305175781,66.0,271082
3346,2026-09-07,18.899999618530273,19.350000381469727,18.700000762939453,18.700000762939453,315790
3356,2026-09-07,61.29999923706055,61.5,60.099998474121094,60.29999923706055,514431
3376,2026-09-07,211.0,211.0,202.5,206.5,7154882
3380,2026-09-07,31.049999237060547,31.200000762939453,29.700000762939453,29.850000381469727,3620879
3406,2026-09-07,1040.0,1040.0,961.0,987.0,2298431
3413,2026-09-07,286.5,286.5,282.0,284.0,511273
3416,2026-09-07,174.5,174.5,168.0,169.5,191517
3419,2026-09-07,11.699999809265137,11.699999809265137,11.449999809265137,11.5,128394
3432,2026-09-07,14.300000190734863,14.350000381469727,14.25,14.350000381469727,33622
3437,2026-09-07,18.600000381469727,18.600000381469727,17.950000762939453,17.950000762939453,663808
3443,2026-09-07,6000.0,6030.0,5705.0,5935.0,2128228
3447,2026-09-07,30.100000381469727,30.100000381469727,28.600000381469727,28.850000381469727,56576
3450,2026-09-07,596.0,596.0,569.0,585.0,960259
3481,2026-09-07,49.400001525878906,50.70000076293945,48.0,49.95000076293945,251011218
3494,2026-09-07,7.309999942779541,7.510000228881836,7.010000228881836,7.099999904632568,88259
3501,2026-09-07,40.0,40.20000076293945,39.54999923706055,39.599998474121094,106124
3504,2026-09-07,89.69999694824219,89.80000305175781,83.4000015258789,84.5,3252541
3515,2026-09-07,231.0,233.0,225.0,231.0,794349
3518,2026-09-07,30.549999237060547,30.649999618530273,29.75,29.75,754362
3528,2026-09-07,83.80000305175781,83.9000015258789,82.69999694824219,83.0,81995
3530,2026-09-07,60.0,60.099998474121094,57.599998474121094,57.599998474121094,106610
3532,2026-09-07,401.0,418.5,393.5,403.0,8001754
3533,2026-09-07,1720.0,1725.0,1690.0,1695.0,627152
3535,2026-09-07,87.9000015258789,93.5,86.80000305175781,90.9000015258789,1634476
3543,2026-09-07,45.349998474121094,45.5,44.400001525878906,44.400001525878906,1261207
3545,2026-09-07,51.5,51.5,50.29999923706055,51.0,469340
3550,2026-09-07,23.450000762939453,23.549999237060547,22.850000381469727,22.950000762939453,891457
3557,2026-09-07,24.200000762939453,24.5,24.0,24.5,17297
3576,2026-09-07,17.200000762939453,17.25,17.0,17.049999237060547,3416004
3563,2026-09-07,700.0,714.0,698.0,699.0,449087
3583,2026-09-07,727.0,740.0,711.0,722.0,954536
3588,2026-09-07,53.400001525878906,54.29999923706055,52.29999923706055,53.20000076293945,202093
3591,2026-09-07,24.0,24.299999237060547,23.200000762939453,23.600000381469727,3595983
3592,2026-09-07,224.5,224.5,221.5,221.5,211042
3593,2026-09-07,10.5,10.5,10.199999809265137,10.5,38201
3596,2026-09-07,160.0,160.0,159.0,159.5,497864
3605,2026-09-07,121.5,128.0,117.0,120.5,10410668
3607,2026-09-07,13.75,13.75,13.649999618530273,13.699999809265137,80020
3617,2026-09-07,251.0,254.0,247.0,248.5,398552
3645,2026-09-07,72.4000015258789,72.69999694824219,71.30000305175781,71.80000305175781,1382381
3652,2026-09-07,33.29999923706055,33.650001525878906,32.400001525878906,32.400001525878906,186119
3622,2026-09-07,53.0,53.5,52.70000076293945,53.5,658123
3653,2026-09-07,6000.0,6000.0,5600.0,5655.0,800879
3661,2026-09-07,4175.0,4180.0,4000.0,4040.0,3198269
3665,2026-09-07,2175.0,2185.0,2060.0,2070.0,2530069
3669,2026-09-07,34.45000076293945,34.45000076293945,32.95000076293945,33.04999923706055,654558
3673,2026-09-07,66.0999984741211,66.80000305175781,65.4000015258789,65.80000305175781,2720296
3679,2026-09-07,107.0,108.0,106.0,108.0,32004
3686,2026-09-07,14.350000381469727,14.399999618530273,14.199999809265137,14.399999618530273,63810
3694,2026-09-07,50.5,50.900001525878906,50.20000076293945,50.5,454108
3701,2026-09-07,41.95000076293945,41.95000076293945,40.79999923706055,41.0,760967
3702,2026-09-07,105.0,106.5,104.5,105.0,8346577
3703,2026-09-07,20.0,20.0,19.600000381469727,19.75,1896613
3704,2026-09-07,40.400001525878906,40.650001525878906,39.400001525878906,39.70000076293945,1396664
3705,2026-09-07,56.29999923706055,56.5,55.400001525878906,56.400001525878906,367058
3706,2026-09-07,93.0,93.0999984741211,91.69999694824219,92.5999984741211,9878582
3708,2026-09-07,100.5,100.5,98.4000015258789,99.5999984741211,436431
3711,2026-09-07,600.0,628.0,600.0,621.0,27542363
3712,2026-09-07,21.149999618530273,21.200000762939453,20.649999618530273,20.649999618530273,553051
3714,2026-09-07,66.9000015258789,68.5,65.5,67.19999694824219,26449842
3715,2026-09-07,119.0,121.5,117.0,119.5,3259131
3716,2026-09-07,34.150001525878906,34.29999923706055,33.79999923706055,33.900001525878906,289600
3717,2026-09-07,22.350000381469727,22.399999618530273,21.75,21.850000381469727,2031372
4104,2026-09-07,71.5,71.5,70.5999984741211,71.19999694824219,106111
4106,2026-09-07,24.5,24.5,24.200000762939453,24.450000762939453,79263
4108,2026-09-07,11.350000381469727,11.399999618530273,11.199999809265137,11.399999618530273,120185
4119,2026-09-07,55.599998474121094,55.79999923706055,54.599998474121094,54.599998474121094,130392
4133,2026-09-07,20.549999237060547,20.649999618530273,20.5,20.5,51083
4137,2026-09-07,79.5999984741211,79.5999984741211,77.69999694824219,78.0999984741211,292565
4142,2026-09-07,17.700000762939453,17.950000762939453,17.5,17.700000762939453,890286
4148,2026-09-07,31.850000381469727,31.850000381469727,30.899999618530273,31.649999618530273,26287
4155,2026-09-07,14.350000381469727,14.550000190734863,14.199999809265137,14.300000190734863,228564
4164,2026-09-07,26.399999618530273,26.399999618530273,25.899999618530273,25.899999618530273,322053
4169,2026-09-07,150.5,151.5,148.0,150.5,213751
4178,2026-09-07,16.899999618530273,17.200000762939453,16.799999237060547,17.0,36100
4190,2026-09-07,25.899999618530273,26.100000381469727,25.899999618530273,26.0,8938
4306,2026-09-07,15.350000381469727,15.350000381469727,14.949999809265137,15.0,1308537
4414,2026-09-07,8.239999771118164,8.350000381469727,8.069999694824219,8.069999694824219,361981
4426,2026-09-07,7.619999885559082,7.619999885559082,7.53000020980835,7.590000152587891,49140
4438,2026-09-07,59.0,59.0,57.400001525878906,57.900001525878906,99955
4439,2026-09-07,97.0999984741211,97.0999984741211,95.9000015258789,96.30000305175781,9704
4441,2026-09-07,175.5,175.5,170.0,174.5,66449
4440,2026-09-07,17.75,17.850000381469727,17.649999618530273,17.700000762939453,98585
4526,2026-09-07,31.600000381469727,32.75,31.100000381469727,32.349998474121094,5078423
4532,2026-09-07,23.850000381469727,23.899999618530273,23.450000762939453,23.5,1057977
4536,2026-09-07,165.5,165.5,161.5,163.0,232675
4540,2026-09-07,61.29999923706055,62.79999923706055,59.79999923706055,59.79999923706055,2335613
4545,2026-09-07,32.0,32.349998474121094,31.549999237060547,32.349998474121094,51361
4551,2026-09-07,172.5,173.0,166.5,167.5,1598927
4552,2026-09-07,16.600000381469727,16.600000381469727,16.299999237060547,16.450000762939453,49749
4555,2026-09-07,45.900001525878906,45.900001525878906,44.79999923706055,44.900001525878906,231342
4557,2026-09-07,50.0,51.0,49.599998474121094,49.79999923706055,45461
4560,2026-09-07,29.149999618530273,29.149999618530273,28.549999237060547,28.600000381469727,197151
4562,2026-09-07,31.299999237060547,31.649999618530273,30.299999237060547,30.5,170801
4564,2026-09-07,16.450000762939453,16.450000762939453,15.949999809265137,15.949999809265137,933895
4566,2026-09-07,64.80000305175781,64.80000305175781,63.400001525878906,63.599998474121094,513197
4569,2026-09-07,182.5,182.5,174.0,177.5,164693
4571,2026-09-07,163.5,163.5,158.0,158.0,151884
4572,2026-09-07,142.5,144.5,140.0,143.0,34491
4576,2026-09-07,250.0,258.0,245.0,247.0,6087232
4583,2026-09-07,490.0,490.0,462.0,462.0,80260
4585,2026-09-07,297.0,300.0,293.5,297.5,270990
4588,2026-09-07,52.20000076293945,52.29999923706055,51.79999923706055,52.099998474121094,30488
4720,2026-09-07,18.899999618530273,18.899999618530273,18.299999237060547,18.450000762939453,341847
4722,2026-09-07,205.5,206.0,199.5,200.0,597061
4736,2026-09-07,127.5,127.5,123.0,125.5,445639
4737,2026-09-07,58.599998474121094,59.099998474121094,58.29999923706055,59.0,158484
4739,2026-09-07,84.30000305175781,84.9000015258789,82.5,82.5,662150
4746,2026-09-07,45.45000076293945,46.70000076293945,45.150001525878906,46.400001525878906,862572
4755,2026-09-07,119.0,119.0,115.5,116.0,123778
4763,2026-09-07,51.0,51.0,49.349998474121094,50.599998474121094,6177175
4764,2026-09-07,231.5,233.0,227.5,228.0,451147
4766,2026-09-07,348.0,348.0,342.5,344.5,149883
4770,2026-09-07,232.0,246.5,231.5,239.0,1366862
4771,2026-09-07,207.5,207.5,204.5,206.0,148168
4807,2026-09-07,28.950000762939453,30.149999618530273,27.399999618530273,27.399999618530273,234951
4906,2026-09-07,37.150001525878906,37.20000076293945,36.20000076293945,36.79999923706055,3442271
4904,2026-09-07,104.5,104.5,102.0,102.0,5383785
4912,2026-09-07,101.5,102.0,98.80000305175781,102.0,577563
4915,2026-09-07,61.0,61.0,60.099998474121094,60.20000076293945,1786961
4916,2026-09-07,98.0999984741211,98.30000305175781,96.5,97.0999984741211,936864
4919,2026-09-07,122.0,125.0,118.5,122.5,3267921
4927,2026-09-07,42.29999923706055,44.849998474121094,42.150001525878906,43.0,6261465
4934,2026-09-07,14.050000190734863,14.050000190734863,13.600000381469727,13.600000381469727,413812
4930,2026-09-07,16.100000381469727,16.200000762939453,15.949999809265137,16.200000762939453,21615
4935,2026-09-07,33.650001525878906,33.650001525878906,32.849998474121094,33.099998474121094,111082
4938,2026-09-07,95.5999984741211,95.5999984741211,91.5999984741211,93.5999984741211,12697270
4942,2026-09-07,33.20000076293945,33.25,32.75,33.0,92451
4943,2026-09-07,7.0,7.0,6.53000020980835,6.610000133514404,168232
4949,2026-09-07,78.5,78.5,77.0999984741211,77.19999694824219,387107
4952,2026-09-07,50.5,51.0,50.29999923706055,50.599998474121094,298116
4956,2026-09-07,37.0,37.0,35.04999923706055,35.099998474121094,4118777
4958,2026-09-07,472.5,508.0,469.0,501.0,34177165
4960,2026-09-07,21.450000762939453,21.5,20.950000762939453,21.0,1219028
4961,2026-09-07,167.0,167.0,164.0,165.5,292836
4968,2026-09-07,92.30000305175781,92.30000305175781,90.19999694824219,90.30000305175781,257596
4967,2026-09-07,280.0,284.0,277.0,277.5,3384424
4976,2026-09-07,38.650001525878906,38.70000076293945,37.150001525878906,37.20000076293945,2659461
4977,2026-09-07,182.0,182.5,175.5,179.5,4647884
4994,2026-09-07,81.5999984741211,82.80000305175781,81.0999984741211,81.69999694824219,16003
4989,2026-09-07,62.0,62.70000076293945,60.900001525878906,61.79999923706055,2679374
4999,2026-09-07,18.399999618530273,18.399999618530273,18.149999618530273,18.350000381469727,39858
5007,2026-09-07,56.400001525878906,56.599998474121094,55.70000076293945,56.599998474121094,110002
5215,2026-09-07,39.099998474121094,39.20000076293945,38.54999923706055,39.0,21000
5203,2026-09-07,58.79999923706055,58.79999923706055,58.0,58.20000076293945,116413
5222,2026-09-07,105.0,105.5,104.5,105.5,142993
5225,2026-09-07,57.29999923706055,57.400001525878906,55.900001525878906,56.400001525878906,589760
5234,2026-09-07,301.0,303.0,296.5,302.0,219528
5236,2026-09-07,138.0,138.5,137.0,137.5,59825
5243,2026-09-07,96.0999984741211,98.5,93.5,95.4000015258789,2761922
5244,2026-09-07,34.70000076293945,35.20000076293945,34.0,34.25,275001
5258,2026-09-07,45.900001525878906,46.25,45.0,45.900001525878906,443889
5269,2026-09-07,1450.0,1455.0,1420.0,1440.0,326470
5283,2026-09-07,54.70000076293945,54.70000076293945,53.79999923706055,54.099998474121094,80688
5284,2026-09-07,320.0,322.5,308.0,318.5,1028243
5285,2026-09-07,88.80000305175781,88.80000305175781,86.30000305175781,87.69999694824219,627125
5288,2026-09-07,189.5,191.0,186.0,191.0,91989
5292,2026-09-07,218.0,221.5,217.5,220.0,100127
5306,2026-09-07,93.69999694824219,93.69999694824219,92.0999984741211,93.0999984741211,56040
5388,2026-09-07,76.0,76.0,74.5999984741211,75.30000305175781,1631994
5434,2026-09-07,548.0,549.0,539.0,541.0,438056
5469,2026-09-07,72.5999984741211,72.9000015258789,71.69999694824219,72.30000305175781,678174
5471,2026-09-07,61.70000076293945,62.099998474121094,60.400001525878906,61.0,2701634
5484,2026-09-07,39.79999923706055,39.79999923706055,39.349998474121094,39.400001525878906,101734
5515,2026-09-07,52.70000076293945,52.70000076293945,51.599998474121094,51.79999923706055,362736
5519,2026-09-07,27.399999618530273,27.399999618530273,26.799999237060547,26.799999237060547,802660
5521,2026-09-07,10.600000381469727,10.600000381469727,10.399999618530273,10.550000190734863,1709809
5522,2026-09-07,64.5999984741211,64.5999984741211,63.099998474121094,63.29999923706055,360638
5525,2026-09-07,22.200000762939453,22.25,22.0,22.25,100919
5533,2026-09-07,14.0,14.0,13.850000381469727,13.899999618530273,70125
5531,2026-09-07,7.409999847412109,7.409999847412109,7.21999979019165,7.21999979019165,450532
5534,2026-09-07,77.19999694824219,77.19999694824219,75.30000305175781,75.5999984741211,641334
5538,2026-09-07,37.5,37.5,36.75,37.0,28158
5546,2026-09-07,14.800000190734863,15.199999809265137,14.600000381469727,14.949999809265137,77000
5607,2026-09-07,56.79999923706055,57.0,55.0,55.20000076293945,994691
5608,2026-09-07,17.149999618530273,17.350000381469727,17.0,17.299999237060547,3949640
5706,2026-09-07,45.0,45.29999923706055,44.75,45.0,91792
5871,2026-09-07,112.5,113.5,111.5,112.5,4849154
5876,2026-09-07,46.5,46.95000076293945,46.04999923706055,46.95000076293945,9670841
5880,2026-09-07,26.75,26.75,26.299999237060547,26.5,15494030
6005,2026-09-07,33.099998474121094,33.20000076293945,32.400001525878906,32.70000076293945,5243986
5907,2026-09-07,4.940000057220459,4.980000019073486,4.849999904632568,4.849999904632568,354130
6024,2026-09-07,63.5,63.5,62.5,62.900001525878906,261566
6108,2026-09-07,23.299999237060547,23.600000381469727,22.799999237060547,22.950000762939453,1299555
6112,2026-09-07,46.0,46.0,45.20000076293945,45.25,405358
6115,2026-09-07,44.849998474121094,44.900001525878906,44.099998474121094,44.099998474121094,241504
6116,2026-09-07,14.25,14.399999618530273,14.0,14.199999809265137,20848302
6117,2026-09-07,64.0999984741211,64.0999984741211,63.400001525878906,63.400001525878906,84209
6120,2026-09-07,12.5,12.5,12.199999809265137,12.350000381469727,1076320
6133,2026-09-07,24.0,25.0,23.549999237060547,24.799999237060547,2425339
6128,2026-09-07,19.899999618530273,19.899999618530273,19.649999618530273,19.799999237060547,118719
6136,2026-09-07,24.850000381469727,24.850000381469727,24.049999237060547,24.049999237060547,266625
6139,2026-09-07,740.0,745.0,734.0,739.0,1610504
6141,2026-09-07,51.5,52.900001525878906,51.29999923706055,51.900001525878906,2287535
6142,2026-09-07,8.8100004196167,8.84000015258789,8.550000190734863,8.550000190734863,334067
6152,2026-09-07,13.75,13.899999618530273,13.5,13.5,507194
6153,2026-09-07,17.799999237060547,17.850000381469727,17.25,17.350000381469727,1746126
6155,2026-09-07,57.5,59.599998474121094,57.0,58.20000076293945,2950550
6164,2026-09-07,11.949999809265137,12.0,11.699999809265137,11.699999809265137,291235
6165,2026-09-07,48.79999923706055,49.0,48.349998474121094,48.75,140758
6166,2026-09-07,123.0,123.0,115.0,116.0,2676015
6168,2026-09-07,28.899999618530273,30.25,28.399999618530273,29.399999618530273,9393883
6176,2026-09-07,92.4000015258789,92.4000015258789,91.30000305175781,91.4000015258789,1200545
6177,2026-09-07,49.25,49.25,47.25,47.400001525878906,2660942
6183,2026-09-07,93.5999984741211,93.5999984741211,90.0999984741211,92.5,27611
6184,2026-09-07,40.25,40.25,39.95000076293945,40.099998474121094,161871
6189,2026-09-07,48.20000076293945,48.25,47.349998474121094,47.54999923706055,474991
6191,2026-09-07,83.4000015258789,83.4000015258789,82.0,82.80000305175781,901655
6192,2026-09-07,116.5,116.5,114.0,115.0,229281
6196,2026-09-07,516.0,518.0,506.0,514.0,1299061
6197,2026-09-07,316.0,317.0,308.0,308.0,1704965
6201,2026-09-07,44.79999923706055,44.79999923706055,44.349998474121094,44.79999923706055,25534
6202,2026-09-07,59.400001525878906,59.900001525878906,58.099998474121094,59.0,826752
6205,2026-09-07,66.9000015258789,66.9000015258789,64.19999694824219,65.19999694824219,222251
6206,2026-09-07,140.0,140.0,134.5,136.0,1084027
6209,2026-09-07,81.5,81.80000305175781,77.5999984741211,79.0999984741211,8016695
6213,2026-09-07,535.0,535.0,505.0,513.0,12231708
6214,2026-09-07,186.0,186.5,184.5,185.0,998712
6215,2026-09-07,101.0,101.0,97.69999694824219,97.80000305175781,395609
6216,2026-09-07,20.5,20.649999618530273,20.350000381469727,20.450000762939453,101638
6224,2026-09-07,85.5999984741211,92.80000305175781,82.5,88.80000305175781,5436028
6226,2026-09-07,34.0,34.400001525878906,32.349998474121094,32.400001525878906,5862671
6225,2026-09-07,58.599998474121094,61.20000076293945,58.5,60.900001525878906,115281
6230,2026-09-07,113.0,113.0,105.5,113.0,94490
6235,2026-09-07,39.95000076293945,39.95000076293945,39.0,39.0,288375
6239,2026-09-07,281.5,285.0,279.5,280.0,7143587
6243,2026-09-07,40.20000076293945,40.20000076293945,39.04999923706055,39.04999923706055,272955
6257,2026-09-07,214.5,217.0,212.5,213.0,4555865
6269,2026-09-07,68.19999694824219,69.5999984741211,67.0,67.80000305175781,5627097
6271,2026-09-07,243.0,246.0,228.5,232.5,12223520
6272,2026-09-07,29.5,31.200000762939453,29.049999237060547,29.700000762939453,762347
6277,2026-09-07,80.4000015258789,80.4000015258789,78.5,79.5999984741211,162939
6278,2026-09-07,200.0,200.0,194.5,195.0,3701849
6281,2026-09-07,51.70000076293945,51.70000076293945,51.29999923706055,51.599998474121094,36177
6282,2026-09-07,44.75,45.04999923706055,43.849998474121094,44.349998474121094,3946479
6283,2026-09-07,20.049999237060547,20.149999618530273,19.950000762939453,20.049999237060547,73757
6285,2026-09-07,246.5,248.0,239.5,239.5,2551221
6405,2026-09-07,40.099998474121094,40.599998474121094,39.099998474121094,39.20000076293945,491523
6409,2026-09-07,987.0,1005.0,975.0,977.0,358336
6412,2026-09-07,78.19999694824219,78.19999694824219,76.69999694824219,77.0,683788
6414,2026-09-07,400.0,400.0,386.5,389.5,848636
6415,2026-09-07,438.0,439.5,416.5,418.0,2663124
6416,2026-09-07,102.0,102.0,99.0999984741211,99.80000305175781,289586
6426,2026-09-07,285.0,296.0,285.0,296.0,3488692
6431,2026-09-07,20.100000381469727,20.100000381469727,19.399999618530273,19.549999237060547,29101
6438,2026-09-07,158.0,158.0,154.0,155.5,390790
6442,2026-09-07,1770.0,1790.0,1700.0,1700.0,2016133
6443,2026-09-07,24.950000762939453,25.200000762939453,24.5,24.600000381469727,2749240
6446,2026-09-07,1315.0,1350.0,1285.0,1325.0,4812772
6449,2026-09-07,242.0,243.0,230.0,231.5,2562190
6451,2026-09-07,459.0,477.0,447.0,448.5,5498407
6456,2026-09-07,70.0,71.4000015258789,68.69999694824219,68.80000305175781,2410889
6464,2026-09-07,78.4000015258789,78.4000015258789,77.0,78.0,20059
6472,2026-09-07,423.0,423.0,415.0,416.0,370465
6477,2026-09-07,35.20000076293945,35.20000076293945,34.29999923706055,34.599998474121094,462536
6491,2026-09-07,388.0,388.0,377.0,379.5,200181
6504,2026-09-07,37.0,38.0,37.0,37.70000076293945,97175
6505,2026-09-07,79.5,83.0999984741211,78.80000305175781,79.69999694824219,21174120
6515,2026-09-07,7275.0,7350.0,7000.0,7000.0,432224
6525,2026-09-07,140.0,140.5,133.0,133.5,1268516
6526,2026-09-07,642.0,658.0,633.0,644.0,775603
6531,2026-09-07,939.0,968.0,936.0,960.0,2881287
6533,2026-09-07,255.5,262.0,255.0,257.0,1506767
6541,2026-09-07,31.700000762939453,32.400001525878906,31.25,31.600000381469727,283352
6550,2026-09-07,10.449999809265137,10.449999809265137,10.199999809265137,10.300000190734863,807399
6552,2026-09-07,24.600000381469727,24.600000381469727,24.0,24.0,61763
6558,2026-09-07,24.700000762939453,24.700000762939453,24.200000762939453,24.25,177894
6573,2026-09-07,16.950000762939453,17.399999618530273,16.200000762939453,16.200000762939453,246691
6579,2026-09-07,153.0,153.5,150.0,152.0,368294
6581,2026-09-07,109.5,109.5,109.0,109.0,15225
6582,2026-09-07,32.29999923706055,32.29999923706055,31.549999237060547,31.899999618530273,23568
6585,2026-09-07,113.5,114.0,112.0,114.0,154351
6589,2026-09-07,49.400001525878906,49.400001525878906,47.45000076293945,47.5,387555
6591,2026-09-07,42.45000076293945,42.75,42.04999923706055,42.04999923706055,116801
6592,2026-09-07,61.5,61.5,60.099998474121094,60.599998474121094,486757
6598,2026-09-07,27.549999237060547,27.549999237060547,26.700000762939453,27.100000381469727,67663
6605,2026-09-07,139.5,139.5,136.5,137.5,205207
6606,2026-09-07,25.799999237060547,25.950000762939453,25.049999237060547,25.049999237060547,199002
6614,2026-09-07,35.5,35.849998474121094,35.5,35.849998474121094,23699
6625,2026-09-07,75.4000015258789,76.4000015258789,75.0,75.80000305175781,73153
6641,2026-09-07,17.350000381469727,17.350000381469727,17.0,17.25,23000
6655,2026-09-07,117.5,121.0,117.5,120.0,23023
6657,2026-09-07,30.649999618530273,31.200000762939453,29.899999618530273,30.450000762939453,223618
6658,2026-09-07,178.0,180.0,174.5,175.5,235159
6666,2026-09-07,44.650001525878906,45.29999923706055,44.0,44.79999923706055,57002
6668,2026-09-07,42.75,42.75,40.45000076293945,40.900001525878906,1381583
6670,2026-09-07,278.0,278.0,272.0,276.0,103783
6669,2026-09-07,2525.0,2545.0,2390.0,2490.0,5357273
6671,2026-09-07,23.350000381469727,23.350000381469727,22.950000762939453,23.100000381469727,14000
6672,2026-09-07,293.0,309.5,287.0,299.5,14501875
6689,2026-09-07,62.0,62.0,61.099998474121094,62.0,74278
6674,2026-09-07,16.100000381469727,17.200000762939453,16.100000381469727,16.5,291309
6691,2026-09-07,619.0,630.0,614.0,624.0,536996
6695,2026-09-07,49.5,49.599998474121094,48.400001525878906,48.599998474121094,326653
6706,2026-09-07,127.0,128.5,123.5,123.5,1088752
6698,2026-09-07,31.5,32.25,31.100000381469727,31.600000381469727,133140
6715,2026-09-07,321.5,351.0,315.5,339.0,1452515
6719,2026-09-07,194.0,194.0,189.0,190.0,336191
6722,2026-09-07,33.349998474121094,33.70000076293945,32.29999923706055,32.900001525878906,52974
6742,2026-09-07,46.5,46.599998474121094,44.099998474121094,44.20000076293945,352452
6743,2026-09-07,28.450000762939453,28.850000381469727,28.25,28.649999618530273,245448
6753,2026-09-07,138.0,139.0,136.0,137.5,450590
6754,2026-09-07,41.099998474121094,42.75,41.099998474121094,42.650001525878906,11027
6756,2026-09-07,103.5,103.5,99.80000305175781,99.9000015258789,104910
6757,2026-09-07,56.29999923706055,56.29999923706055,54.900001525878906,55.5,602283
6768,2026-09-07,64.5,64.5,63.400001525878906,63.79999923706055,284110
6770,2026-09-07,70.0,73.5,69.30000305175781,72.9000015258789,242159121
6776,2026-09-07,53.0,53.099998474121094,52.5,53.0,106812
6781,2026-09-07,1135.0,1135.0,1075.0,1080.0,476033
6782,2026-09-07,228.5,230.0,224.5,229.0,312812
6789,2026-09-07,476.0,485.0,467.5,471.0,1104503
6790,2026-09-07,38.20000076293945,38.20000076293945,38.0,38.099998474121094,62170
6792,2026-09-07,60.20000076293945,60.79999923706055,58.79999923706055,60.20000076293945,45380
6794,2026-09-07,73.69999694824219,75.0,73.0,75.0,19000
6796,2026-09-07,59.099998474121094,59.70000076293945,56.0,58.599998474121094,224608
6799,2026-09-07,80.80000305175781,80.80000305175781,79.0999984741211,79.5999984741211,111207
6805,2026-09-07,2260.0,2265.0,2210.0,2265.0,527614
6807,2026-09-07,33.099998474121094,33.75,32.20000076293945,33.75,27231
6830,2026-09-07,609.0,613.0,580.0,582.0,1555661
6831,2026-09-07,617.0,617.0,568.0,568.0,1260377
6834,2026-09-07,95.0,99.5,94.19999694824219,97.0,5517253
6835,2026-09-07,31.100000381469727,31.5,31.0,31.299999237060547,19202
6838,2026-09-07,24.850000381469727,24.850000381469727,24.200000762939453,24.700000762939453,130811
6861,2026-09-07,187.0,187.5,181.0,186.5,252419
6862,2026-09-07,142.0,142.5,140.0,140.5,111654
6863,2026-09-07,105.0,105.0,103.0,103.5,60298
6869,2026-09-07,65.30000305175781,65.30000305175781,64.5999984741211,65.0,208721
6873,2026-09-07,68.5,68.69999694824219,68.0999984741211,68.5999984741211,110260
6885,2026-09-07,24.350000381469727,25.899999618530273,24.0,25.149999618530273,1286215
6887,2026-09-07,37.95000076293945,37.95000076293945,36.79999923706055,37.95000076293945,15000
6890,2026-09-07,170.0,170.0,165.5,166.0,264375
6901,2026-09-07,15.100000381469727,15.100000381469727,14.699999809265137,14.949999809265137,1134246
6902,2026-09-07,124.5,126.0,122.5,126.0,81398
6906,2026-09-07,83.80000305175781,88.69999694824219,82.69999694824219,86.5,449225
6909,2026-09-07,40.349998474121094,40.400001525878906,40.04999923706055,40.099998474121094,149095
6914,2026-09-07,121.5,121.5,120.5,121.0,56666
6916,2026-09-07,19.200000762939453,19.200000762939453,18.549999237060547,18.549999237060547,13229
6918,2026-09-07,77.69999694824219,78.0,77.0,78.0,18240
6919,2026-09-07,86.0,86.4000015258789,85.0999984741211,85.19999694824219,4345545
6923,2026-09-07,76.5,76.69999694824219,75.5,76.5999984741211,33780
6928,2026-09-07,48.79999923706055,48.79999923706055,47.849998474121094,47.900001525878906,101575
6931,2026-09-07,41.0,41.0,40.650001525878906,41.0,27877
6933,2026-09-07,319.0,319.0,307.5,313.0,399568
6934,2026-09-07,75.80000305175781,78.80000305175781,72.80000305175781,77.5999984741211,91308
6936,2026-09-07,32.79999923706055,33.099998474121094,32.79999923706055,32.900001525878906,13620
6937,2026-09-07,285.5,288.5,279.0,286.5,268581
6944,2026-09-07,699.0,733.0,699.0,719.0,597256
6947,2026-09-07,70.80000305175781,70.80000305175781,69.0999984741211,69.30000305175781,159724
6952,2026-09-07,38.5,39.349998474121094,38.0,39.25,22500
6957,2026-09-07,219.5,222.5,218.5,221.0,55038
6958,2026-09-07,17.399999618530273,17.600000381469727,17.100000381469727,17.450000762939453,26474
6965,2026-09-07,75.0999984741211,75.0999984741211,73.4000015258789,74.80000305175781,26000
6962,2026-09-07,32.29999923706055,32.400001525878906,31.799999237060547,31.799999237060547,1020311
6994,2026-09-07,35.349998474121094,35.79999923706055,35.150001525878906,35.5,383133
7705,2026-09-07,30.0,30.0,29.600000381469727,29.799999237060547,70429
7711,2026-09-07,645.0,675.0,621.0,660.0,2865559
7721,2026-09-07,61.099998474121094,62.0,60.70000076293945,61.099998474121094,60028
7722,2026-09-07,285.5,285.5,274.0,279.0,110551
7732,2026-09-07,33.54999923706055,34.849998474121094,33.54999923706055,34.849998474121094,10000
7736,2026-09-07,69.80000305175781,69.80000305175781,68.69999694824219,69.4000015258789,12200
7749,2026-09-07,368.0,368.0,348.0,354.0,892357
7750,2026-09-07,2425.0,2475.0,2360.0,2375.0,336125
7760,2026-09-07,33.0,33.5,33.0,33.20000076293945,37268
7765,2026-09-07,221.5,222.5,220.5,220.5,43921
7768,2026-09-07,289.5,289.5,282.5,283.0,58022
7769,2026-09-07,6155.0,6575.0,6150.0,6565.0,1407072
7780,2026-09-07,16.799999237060547,16.799999237060547,16.600000381469727,16.649999618530273,698833
7786,2026-09-07,117.5,117.5,115.0,115.5,233907
7788,2026-09-07,335.0,335.0,310.0,316.5,3770745
7791,2026-09-07,56.0,56.0,55.29999923706055,55.79999923706055,30289
7795,2026-09-07,519.0,549.0,510.0,536.0,1859798
7799,2026-09-07,380.0,403.0,370.5,395.0,670326
7818,2026-09-07,60.900001525878906,60.900001525878906,60.20000076293945,60.70000076293945,56569
7821,2026-09-07,39.54999923706055,39.900001525878906,39.400001525878906,39.75,99657
7822,2026-09-07,938.0,989.0,926.0,930.0,254406
8011,2026-09-07,15.800000190734863,15.800000190734863,15.550000190734863,15.699999809265137,167825
8016,2026-09-07,296.0,296.0,290.5,291.5,252558
8021,2026-09-07,445.0,462.0,444.0,462.0,13042409
8028,2026-09-07,243.0,256.0,241.0,249.5,5855544
8033,2026-09-07,177.5,178.0,173.5,177.0,2351229
8039,2026-09-07,324.0,327.0,306.0,327.0,22292423
8045,2026-09-07,50.20000076293945,51.599998474121094,48.54999923706055,49.79999923706055,198341
8046,2026-09-07,1080.0,1085.0,1045.0,1050.0,7278768
8070,2026-09-07,51.099998474121094,51.20000076293945,49.900001525878906,49.900001525878906,1652705
8072,2026-09-07,26.25,26.25,25.75,25.899999618530273,91007
8081,2026-09-07,257.5,257.5,252.5,253.0,313848
8103,2026-09-07,125.0,128.0,122.0,123.5,4380839
8104,2026-09-07,30.700000762939453,31.100000381469727,30.399999618530273,30.549999237060547,185993
8105,2026-09-07,15.100000381469727,15.350000381469727,14.850000381469727,15.199999809265137,2554154
8110,2026-09-07,44.45000076293945,45.099998474121094,43.849998474121094,43.849998474121094,1898787
8112,2026-09-07,91.4000015258789,92.0,90.4000015258789,90.4000015258789,4613963
8114,2026-09-07,197.0,197.0,189.0,189.5,561614
8131,2026-09-07,62.0,63.0,61.599998474121094,61.900001525878906,1188625
8150,2026-09-07,91.9000015258789,93.5,90.19999694824219,91.30000305175781,17113019
8163,2026-09-07,31.899999618530273,31.899999618530273,30.850000381469727,30.950000762939453,702680
8201,2026-09-07,11.75,11.75,11.550000190734863,11.600000381469727,31100
8210,2026-09-07,988.0,988.0,936.0,937.0,2291153
8213,2026-09-07,33.29999923706055,33.45000076293945,32.849998474121094,32.95000076293945,261612
8215,2026-09-07,25.899999618530273,25.899999618530273,25.100000381469727,25.350000381469727,409982
8222,2026-09-07,37.45000076293945,37.45000076293945,36.5,36.70000076293945,318589
8249,2026-09-07,40.599998474121094,40.79999923706055,40.0,40.0,232946
8261,2026-09-07,183.5,186.5,180.0,181.0,3157253
8271,2026-09-07,222.0,226.5,220.0,222.0,1853605
8341,2026-09-07,76.5,76.5,75.0,75.0999984741211,161581
8367,2026-09-07,41.04999923706055,41.20000076293945,40.75,41.20000076293945,8411
8374,2026-09-07,87.9000015258789,88.80000305175781,82.9000015258789,82.9000015258789,1112276
8404,2026-09-07,16.399999618530273,16.399999618530273,15.949999809265137,15.949999809265137,515530
8411,2026-09-07,13.0,13.0,12.850000381469727,13.0,40794
8422,2026-09-07,26.350000381469727,26.350000381469727,25.950000762939453,26.049999237060547,3669678
8429,2026-09-07,6.019999980926514,6.099999904632568,5.949999809265137,5.980000019073486,216437
8438,2026-09-07,69.0999984741211,70.5,68.5999984741211,68.69999694824219,108940
8442,2026-09-07,45.54999923706055,45.650001525878906,45.25,45.650001525878906,42500
8443,2026-09-07,11.149999618530273,11.25,11.100000381469727,11.25,46541
8454,2026-09-07,246.0,246.0,239.5,242.0,308920
8462,2026-09-07,168.0,168.0,163.0,164.5,112703
8463,2026-09-07,21.450000762939453,21.5,21.350000381469727,21.5,39000
8464,2026-09-07,380.0,380.0,361.0,361.0,328808
8466,2026-09-07,15.100000381469727,15.350000381469727,15.100000381469727,15.300000190734863,13020
8467,2026-09-07,91.80000305175781,93.5,90.0,90.30000305175781,21021
8473,2026-09-07,45.900001525878906,45.900001525878906,45.099998474121094,45.5,1129507
8476,2026-09-07,19.700000762939453,19.700000762939453,18.75,18.850000381469727,522057
8478,2026-09-07,143.5,143.5,140.5,142.5,98072
8481,2026-09-07,41.29999923706055,41.5,41.0,41.5,19000
8482,2026-09-07,49.25,49.25,47.54999923706055,48.95000076293945,5006
8488,2026-09-07,10.600000381469727,11.399999618530273,10.399999618530273,10.75,364476
8499,2026-09-07,256.5,260.0,254.5,258.0,25100
8926,2026-09-07,58.099998474121094,58.20000076293945,57.400001525878906,57.900001525878906,3262242
8940,2026-09-07,15.100000381469727,15.100000381469727,14.75,14.949999809265137,154415
8996,2026-09-07,1390.0,1410.0,1205.0,1240.0,8746084
9802,2026-09-07,72.5999984741211,72.5999984741211,71.80000305175781,72.0,424500
9902,2026-09-07,13.800000190734863,13.800000190734863,13.550000190734863,13.649999618530273,160703
9904,2026-09-07,24.75,24.75,24.5,24.600000381469727,7777613
9905,2026-09-07,21.450000762939453,21.5,21.399999618530273,21.399999618530273,89293
9906,2026-09-07,42.04999923706055,43.79999923706055,41.650001525878906,42.54999923706055,99140
9907,2026-09-07,15.399999618530273,15.399999618530273,15.149999618530273,15.300000190734863,1269240
9908,2026-09-07,29.200000762939453,29.600000381469727,29.100000381469727,29.200000762939453,281504
9910,2026-09-07,69.0999984741211,69.9000015258789,68.0,69.80000305175781,1036554
9911,2026-09-07,81.9000015258789,82.0,81.5,81.69999694824219,143454
9912,2026-09-07,12.800000190734863,13.25,12.75,12.899999618530273,60953
9914,2026-09-07,80.80000305175781,80.80000305175781,77.80000305175781,77.80000305175781,1428322
9917,2026-09-07,107.0,107.0,106.5,106.5,335273
9918,2026-09-07,43.29999923706055,43.29999923706055,42.650001525878906,43.150001525878906,14044
9919,2026-09-07,14.100000381469727,14.300000190734863,13.949999809265137,13.949999809265137,854386
9921,2026-09-07,99.0,99.69999694824219,97.30000305175781,97.30000305175781,1037113
9924,2026-09-07,38.650001525878906,38.650001525878906,38.349998474121094,38.45000076293945,149850
9925,2026-09-07,39.599998474121094,39.599998474121094,39.400001525878906,39.54999923706055,766081
9926,2026-09-07,49.5,50.0,49.25,49.54999923706055,34607
9928,2026-09-07,17.899999618530273,17.899999618530273,17.799999237060547,17.799999237060547,32166
9927,2026-09-07,70.0,70.0,69.30000305175781,69.69999694824219,75665
9929,2026-09-07,11.149999618530273,11.300000190734863,11.0,11.300000190734863,12331
9930,2026-09-07,63.70000076293945,63.900001525878906,62.5,63.099998474121094,122623
9931,2026-09-07,33.95000076293945,34.25,33.900001525878906,34.20000076293945,45000
9933,2026-09-07,40.54999923706055,40.75,39.900001525878906,40.29999923706055,2633600
9934,2026-09-07,11.100000381469727,11.100000381469727,10.800000190734863,10.800000190734863,945651
9935,2026-09-07,19.700000762939453,19.700000762939453,19.399999618530273,19.450000762939453,436363
9937,2026-09-07,55.5,55.70000076293945,55.400001525878906,55.70000076293945,54132
9938,2026-09-07,41.29999923706055,41.349998474121094,40.849998474121094,41.099998474121094,998081
9939,2026-09-07,132.5,132.5,128.5,129.0,1255000
9940,2026-09-07,20.649999618530273,20.649999618530273,20.200000762939453,20.399999618530273,234569
9942,2026-09-07,114.5,114.5,113.5,114.0,49298
9941,2026-09-07,81.80000305175781,81.80000305175781,79.9000015258789,80.5,1197618
9943,2026-09-07,51.29999923706055,51.5,51.099998474121094,51.5,63596
9944,2026-09-07,17.200000762939453,17.299999237060547,17.049999237060547,17.200000762939453,39137
9945,2026-09-07,28.700000762939453,28.700000762939453,27.799999237060547,27.899999618530273,5079876
9946,2026-09-07,17.649999618530273,17.649999618530273,17.200000762939453,17.200000762939453,256081
9955,2026-09-07,24.299999237060547,24.5,23.549999237060547,23.899999618530273,229349
9958,2026-09-07,87.80000305175781,92.19999694824219,87.30000305175781,91.5999984741211,4665987
2254,2026-09-07,62.099998474121094,63.5,61.79999923706055,62.400001525878906,2583219
2258,2026-09-07,31.950000762939453,31.950000762939453,31.0,31.5,764306
2432,2026-09-07,27.200000762939453,28.100000381469727,27.200000762939453,27.899999618530273,62000
3150,2026-09-07,16.700000762939453,16.700000762939453,16.600000381469727,16.649999618530273,6101
4195,2026-09-07,13.800000190734863,13.850000381469727,13.5,13.75,85401
4582,2026-09-07,23.600000381469727,23.600000381469727,23.049999237060547,23.049999237060547,105525
4590,2026-09-07,91.0999984741211,91.0999984741211,88.80000305175781,89.5999984741211,186446
6534,2026-09-07,91.9000015258789,92.4000015258789,91.0999984741211,92.4000015258789,60101
6645,2026-09-07,12.75,12.75,12.149999618530273,12.199999809265137,30632
6771,2026-09-07,42.0,42.25,41.5,41.79999923706055,17013
6854,2026-09-07,93.30000305175781,95.0999984741211,92.19999694824219,95.0999984741211,191038
6908,2026-09-07,30.100000381469727,30.450000762939453,30.100000381469727,30.100000381469727,20365
6921,2026-09-07,64.0,65.0,64.0,64.0,38100
6924,2026-09-07,123.5,125.0,119.0,125.0,219941
6949,2026-09-07,81.9000015258789,81.9000015258789,67.0999984741211,67.0999984741211,24363833
6951,2026-09-07,71.0999984741211,71.30000305175781,71.0,71.30000305175781,30737
6955,2026-09-07,100.0,100.5,99.0,100.0,25384
6969,2026-09-07,33.5,34.099998474121094,33.400001525878906,33.79999923706055,61210
6988,2026-09-07,11.850000381469727,12.25,11.800000190734863,12.25,17056
7631,2026-09-07,146.5,146.5,145.0,145.5,17434
7610,2026-09-07,2000.0,2000.0,2000.0,2000.0,323310
7730,2026-09-07,179.5,185.0,173.0,180.5,194952
7740,2026-09-07,131.0,131.0,127.5,128.0,89402
7823,2026-09-07,83.80000305175781,83.80000305175781,81.5999984741211,83.19999694824219,27071
7803,2026-09-07,19.75,19.75,19.0,19.5,58827
7827,2026-09-07,152.5,154.5,151.0,154.0,147035
7835,2026-09-07,23.0,23.399999618530273,21.049999237060547,23.200000762939453,73153
8162,2026-09-07,60.900001525878906,62.099998474121094,60.29999923706055,61.099998474121094,61644
8487,2026-09-07,70.19999694824219,71.4000015258789,70.19999694824219,71.4000015258789,17916
0050,2026-09-07,109.05000305175781,110.0,108.8499984741211,109.9000015258789,108458413
0051,2026-09-07,146.5,147.4499969482422,146.1999969482422,147.4499969482422,100012
0052,2026-09-07,63.25,63.900001525878906,63.099998474121094,63.75,22919634
0053,2026-09-07,246.5500030517578,248.6999969482422,246.5500030517578,248.3000030517578,38508
0055,2026-09-07,49.08000183105469,49.369998931884766,48.34000015258789,48.630001068115234,957779
0056,2026-09-07,55.95000076293945,56.099998474121094,55.70000076293945,55.849998474121094,24250294
0057,2026-09-07,326.0,327.8500061035156,326.0,326.8999938964844,17683
0061,2026-09-07,24.389999389648438,24.389999389648438,24.149999618530273,24.270000457763672,50190
9103,2026-09-07,5.139999866485596,5.150000095367432,5.070000171661377,5.150000095367432,614462
9105,2026-09-07,8.899999618530273,8.899999618530273,8.640000343322754,8.850000381469727,26931603
9136,2026-09-07,10.949999809265137,11.100000381469727,10.600000381469727,11.050000190734863,93100
1264,2026-09-07,253.0,253.0,251.0,251.0,24521
1268,2026-09-07,175.0,175.0,168.0,171.0,168711
1294,2026-09-07,53.099998474121094,53.900001525878906,53.0,53.5,24149
1295,2026-09-07,45.5,45.5,45.349998474121094,45.5,18150
1336,2026-09-07,16.149999618530273,16.399999618530273,16.049999237060547,16.299999237060547,158098
1565,2026-09-07,99.0,99.5,97.69999694824219,99.5,131214
1569,2026-09-07,50.599998474121094,51.20000076293945,48.20000076293945,50.20000076293945,2035750
1570,2026-09-07,32.54999923706055,33.29999923706055,32.54999923706055,32.650001525878906,50490
1584,2026-09-07,18.0,18.0,17.649999618530273,17.799999237060547,297702
1580,2026-09-07,102.0,102.0,100.0,100.5,300310
1586,2026-09-07,18.100000381469727,18.200000762939453,17.950000762939453,18.100000381469727,221575
1591,2026-09-07,35.25,35.95000076293945,35.25,35.54999923706055,122806
1593,2026-09-07,31.850000381469727,31.850000381469727,31.75,31.75,15199
1595,2026-09-07,68.80000305175781,70.69999694824219,68.0999984741211,68.5,330149
1599,2026-09-07,22.799999237060547,23.0,22.799999237060547,23.0,26866
1742,2026-09-07,18.0,18.0,17.0,17.799999237060547,117919
1777,2026-09-07,75.5999984741211,75.9000015258789,74.69999694824219,75.30000305175781,67004
1780,2026-09-07,24.5,24.5,23.899999618530273,24.5,92468
1784,2026-09-07,60.0,60.400001525878906,59.79999923706055,60.099998474121094,69712
1785,2026-09-07,102.5,103.0,101.0,102.0,2797319
1788,2026-09-07,128.5,129.0,128.0,128.0,19400
1799,2026-09-07,30.200000762939453,30.299999237060547,29.799999237060547,29.950000762939453,72162
1813,2026-09-07,11.550000190734863,11.550000190734863,11.399999618530273,11.399999618530273,17802
1815,2026-09-07,124.0,130.0,123.5,130.0,71435175
2061,2026-09-07,53.70000076293945,55.0,51.20000076293945,52.29999923706055,1908559
2063,2026-09-07,23.799999237060547,23.899999618530273,23.799999237060547,23.899999618530273,8180
2064,2026-09-07,12.699999809265137,12.800000190734863,12.350000381469727,12.350000381469727,275000
2065,2026-09-07,36.45000076293945,36.599998474121094,36.349998474121094,36.349998474121094,48755
2066,2026-09-07,54.0,54.0,53.900001525878906,53.900001525878906,5000
2070,2026-09-07,63.0,63.0,61.70000076293945,61.900001525878906,116196
2073,2026-09-07,26.25,26.25,25.549999237060547,25.549999237060547,3137
2221,2026-09-07,90.0,90.5999984741211,83.69999694824219,86.69999694824219,4240879
2230,2026-09-07,22.600000381469727,22.600000381469727,22.0,22.450000762939453,49438
2235,2026-09-07,28.450000762939453,28.450000762939453,28.450000762939453,28.450000762939453,1000
2596,2026-09-07,36.04999923706055,36.45000076293945,34.45000076293945,34.45000076293945,213141
2640,2026-09-07,157.5,157.5,154.0,154.0,24906
2641,2026-09-07,18.149999618530273,18.200000762939453,17.950000762939453,18.100000381469727,1283620
2643,2026-09-07,62.20000076293945,63.0,62.0,63.0,9085
2718,2026-09-07,41.0,41.75,41.0,41.400001525878906,13840
2719,2026-09-07,19.75,19.899999618530273,19.75,19.899999618530273,8170
2726,2026-09-07,8.020000457763672,8.109999656677246,7.949999809265137,8.029999732971191,95466
2729,2026-09-07,155.0,156.0,155.0,155.0,7420
2734,2026-09-07,14.949999809265137,15.0,14.800000190734863,14.899999618530273,26035
2736,2026-09-07,11.5,11.600000381469727,11.5,11.5,26160
2740,2026-09-07,30.25,30.25,28.0,30.25,6002
2743,2026-09-07,60.0,60.79999923706055,59.0,59.29999923706055,148178
2745,2026-09-07,88.5,88.5,87.0,87.5999984741211,38508
2752,2026-09-07,177.0,180.0,177.0,180.0,20382
2754,2026-09-07,68.69999694824219,68.69999694824219,67.69999694824219,67.69999694824219,31877
2755,2026-09-07,100.0,100.0,99.5,99.80000305175781,54322
2756,2026-09-07,62.20000076293945,63.29999923706055,61.099998474121094,63.20000076293945,45208
2916,2026-09-07,40.0,40.29999923706055,40.0,40.04999923706055,28903
2926,2026-09-07,29.649999618530273,29.899999618530273,29.5,29.899999618530273,22142
2924,2026-09-07,17.899999618530273,17.899999618530273,16.149999618530273,16.700000762939453,13079
2937,2026-09-07,44.29999923706055,44.29999923706055,43.79999923706055,43.79999923706055,2144
2941,2026-09-07,33.70000076293945,33.70000076293945,30.899999618530273,30.899999618530273,6011
2947,2026-09-07,61.5,61.599998474121094,61.5,61.599998474121094,4657
2948,2026-09-07,38.29999923706055,38.29999923706055,36.849998474121094,38.04999923706055,3492
3066,2026-09-07,25.0,25.0,24.0,24.0,677043
3067,2026-09-07,16.149999618530273,17.0,16.149999618530273,16.5,23000
3071,2026-09-07,25.0,25.0,24.5,24.700000762939453,196849
3073,2026-09-07,22.600000381469727,22.600000381469727,22.0,22.299999237060547,48441
3078,2026-09-07,45.900001525878906,46.0,44.5,44.95000076293945,985500
3081,2026-09-07,3220.0,3220.0,3000.0,3070.0,3676171
3083,2026-09-07,22.950000762939453,22.950000762939453,22.799999237060547,22.799999237060547,51336
3085,2026-09-07,11.5,11.5,11.5,11.5,1103
3086,2026-09-07,29.600000381469727,32.0,29.600000381469727,30.399999618530273,191839
3088,2026-09-07,129.0,129.0,123.0,124.0,833962
3093,2026-09-07,46.25,46.25,43.650001525878906,45.599998474121094,217315
3095,2026-09-07,35.45000076293945,37.849998474121094,35.400001525878906,35.75,14724
3114,2026-09-07,31.799999237060547,31.799999237060547,30.850000381469727,31.049999237060547,191247
3105,2026-09-07,453.5,463.0,446.5,450.5,19608224
3118,2026-09-07,32.04999923706055,32.04999923706055,31.399999618530273,31.399999618530273,15391
3128,2026-09-07,20.100000381469727,20.100000381469727,19.700000762939453,19.899999618530273,109829
3122,2026-09-07,25.25,25.399999618530273,25.0,25.0,40429
3131,2026-09-07,2400.0,2585.0,2390.0,2555.0,711069
3141,2026-09-07,103.5,105.0,98.19999694824219,102.0,8367778
3147,2026-09-07,226.0,226.5,218.5,221.5,365556
3152,2026-09-07,238.0,238.0,233.5,233.5,77488
3158,2026-09-07,84.0,84.5,83.4000015258789,83.4000015258789,15160
3162,2026-09-07,71.4000015258789,71.5999984741211,70.19999694824219,70.4000015258789,561842
3163,2026-09-07,784.0,790.0,752.0,752.0,4761426
3171,2026-09-07,63.400001525878906,63.79999923706055,62.5,62.5,13147
3169,2026-09-07,107.5,112.0,105.0,107.5,622852
3176,2026-09-07,35.099998474121094,35.20000076293945,34.5,34.75,437640
3178,2026-09-07,62.29999923706055,62.29999923706055,61.0,61.900001525878906,18223
3188,2026-09-07,24.899999618530273,25.100000381469727,24.5,24.649999618530273,218725
3191,2026-09-07,17.299999237060547,17.299999237060547,17.149999618530273,17.200000762939453,27867
3205,2026-09-07,47.20000076293945,47.20000076293945,46.5,46.79999923706055,8054
3206,2026-09-07,34.45000076293945,35.5,34.0,34.95000076293945,65709
3207,2026-09-07,39.849998474121094,39.849998474121094,38.900001525878906,39.099998474121094,142062
3211,2026-09-07,398.0,398.0,383.5,384.0,3299641
3213,2026-09-07,129.5,129.5,124.5,126.0,731720
3217,2026-09-07,134.0,136.0,133.0,136.0,307406
3218,2026-09-07,139.5,139.5,136.0,137.0,174593
3219,2026-09-07,92.30000305175781,95.0,91.4000015258789,93.30000305175781,711057
3221,2026-09-07,49.95000076293945,52.400001525878906,48.95000076293945,51.20000076293945,3966817
3224,2026-09-07,33.400001525878906,33.400001525878906,33.0,33.25,31006
3226,2026-09-07,54.900001525878906,56.0,54.5,55.099998474121094,23039
3228,2026-09-07,178.0,180.0,174.0,177.0,204140
3227,2026-09-07,192.5,193.0,190.0,190.5,711052
3230,2026-09-07,42.599998474121094,43.29999923706055,42.04999923706055,42.20000076293945,250281
3232,2026-09-07,19.700000762939453,19.700000762939453,19.649999618530273,19.649999618530273,6000
3234,2026-09-07,202.0,205.5,196.0,199.5,4312192
3236,2026-09-07,45.04999923706055,47.150001525878906,44.54999923706055,45.95000076293945,5351874
3252,2026-09-07,15.449999809265137,15.649999618530273,15.300000190734863,15.399999618530273,15003
3259,2026-09-07,12.149999618530273,12.149999618530273,11.100000381469727,11.100000381469727,33504
3260,2026-09-07,410.0,419.0,410.0,412.0,6446378
3264,2026-09-07,230.0,233.0,227.0,227.0,3155910
3265,2026-09-07,179.0,179.5,176.0,176.0,824145
3268,2026-09-07,17.399999618530273,18.799999237060547,17.299999237060547,18.299999237060547,74030
3272,2026-09-07,14.550000190734863,14.600000381469727,14.399999618530273,14.550000190734863,36983
3276,2026-09-07,14.149999618530273,14.149999618530273,13.949999809265137,14.050000190734863,162416
3284,2026-09-07,20.450000762939453,20.549999237060547,20.0,20.200000762939453,264239
3285,2026-09-07,42.95000076293945,42.95000076293945,41.099998474121094,41.099998474121094,4089
3287,2026-09-07,36.29999923706055,36.29999923706055,35.45000076293945,35.45000076293945,261978
3288,2026-09-07,20.399999618530273,20.450000762939453,20.299999237060547,20.299999237060547,20606
3290,2026-09-07,45.54999923706055,46.650001525878906,44.650001525878906,46.25,852398
3289,2026-09-07,143.0,143.0,140.0,140.5,511177
3293,2026-09-07,714.0,714.0,707.0,710.0,1141158
3294,2026-09-07,30.049999237060547,30.200000762939453,29.75,29.850000381469727,157469
3297,2026-09-07,27.299999237060547,27.600000381469727,27.049999237060547,27.25,34442
3303,2026-09-07,51.599998474121094,51.599998474121094,51.099998474121094,51.20000076293945,194166
3306,2026-09-07,45.04999923706055,46.45000076293945,44.650001525878906,44.650001525878906,50972
3310,2026-09-07,68.80000305175781,68.80000305175781,67.19999694824219,67.19999694824219,24002
3313,2026-09-07,10.75,11.600000381469727,10.649999618530273,10.699999809265137,506625
3317,2026-09-07,63.400001525878906,63.79999923706055,62.099998474121094,62.20000076293945,424883
3323,2026-09-07,29.0,29.0,28.399999618530273,28.649999618530273,220842
3322,2026-09-07,11.149999618530273,11.199999809265137,11.0,11.050000190734863,165380
3324,2026-09-07,1505.0,1505.0,1425.0,1440.0,2090091
3325,2026-09-07,11.300000190734863,11.449999809265137,11.25,11.399999618530273,41070
3332,2026-09-07,61.099998474121094,61.099998474121094,60.79999923706055,60.79999923706055,7000
3339,2026-09-07,45.0,45.04999923706055,42.79999923706055,44.29999923706055,1665094
3349,2026-09-07,22.5,22.5,20.299999237060547,22.5,356307
3354,2026-09-07,24.100000381469727,26.399999618530273,23.950000762939453,26.399999618530273,1396535
3357,2026-09-07,221.0,221.0,213.5,213.5,1993833
3360,2026-09-07,15.149999618530273,15.149999618530273,14.699999809265137,14.899999618530273,167624
3362,2026-09-07,199.5,205.0,189.0,190.0,9068626
3363,2026-09-07,740.0,750.0,717.0,723.0,4153666
3372,2026-09-07,14.699999809265137,14.699999809265137,14.5,14.5,378379
3373,2026-09-07,16.450000762939453,16.450000762939453,16.0,16.0,221697
3374,2026-09-07,448.0,472.5,436.0,469.5,4768845
3379,2026-09-07,28.350000381469727,28.700000762939453,28.0,28.149999618530273,86611
3388,2026-09-07,91.0999984741211,91.0999984741211,89.30000305175781,90.0,516248
3390,2026-09-07,22.0,22.200000762939453,21.950000762939453,22.0,113477
3402,2026-09-07,122.0,126.5,122.0,125.0,365541
3430,2026-09-07,105.5,114.0,105.0,111.5,583021
3434,2026-09-07,29.549999237060547,29.549999237060547,29.049999237060547,29.399999618530273,44111
3438,2026-09-07,65.30000305175781,65.30000305175781,63.5,64.0,65285
3441,2026-09-07,140.0,141.5,129.0,131.0,13794895
3444,2026-09-07,84.19999694824219,84.69999694824219,81.69999694824219,82.0999984741211,257594
3455,2026-09-07,242.5,242.5,233.0,235.0,1452715
3465,2026-09-07,29.049999237060547,29.450000762939453,29.0,29.450000762939453,15126
3466,2026-09-07,24.200000762939453,24.799999237060547,24.149999618530273,24.200000762939453,156076
3467,2026-09-07,51.0,51.20000076293945,50.0,50.5,91621
3479,2026-09-07,128.0,128.0,125.0,125.5,294216
3483,2026-09-07,81.0,81.0,78.30000305175781,78.5,354023
3484,2026-09-07,46.79999923706055,46.79999923706055,45.5,45.5,281879
3485,2026-09-07,211.0,212.0,208.5,210.0,107242
3489,2026-09-07,22.850000381469727,22.950000762939453,22.649999618530273,22.649999618530273,167762
3490,2026-09-07,46.25,47.20000076293945,45.099998474121094,46.150001525878906,3149834
3491,2026-09-07,1515.0,1540.0,1465.0,1510.0,1556835
3492,2026-09-07,19.200000762939453,19.200000762939453,19.100000381469727,19.149999618530273,40113
3498,2026-09-07,194.0,196.0,188.5,189.5,1353835
3499,2026-09-07,13.600000381469727,14.899999618530273,13.300000190734863,14.600000381469727,654782
3508,2026-09-07,20.799999237060547,21.149999618530273,20.700000762939453,21.100000381469727,120537
3511,2026-09-07,19.5,19.549999237060547,19.299999237060547,19.299999237060547,102129
3512,2026-09-07,19.399999618530273,19.399999618530273,19.200000762939453,19.200000762939453,57346
3516,2026-09-07,27.299999237060547,27.299999237060547,26.25,26.299999237060547,122294
3520,2026-09-07,17.799999237060547,17.799999237060547,17.350000381469727,17.399999618530273,95226
3521,2026-09-07,12.100000381469727,12.25,11.949999809265137,12.25,142136
3522,2026-09-07,12.0,12.149999618530273,11.899999618530273,12.0,109547
3523,2026-09-07,15.5,15.5,14.75,14.800000190734863,26145
3526,2026-09-07,284.0,284.0,280.0,281.0,152637
3527,2026-09-07,51.20000076293945,51.20000076293945,50.400001525878906,50.400001525878906,77646
3529,2026-09-07,2435.0,2590.0,2385.0,2570.0,2507500
3531,2026-09-07,21.350000381469727,21.399999618530273,21.350000381469727,21.399999618530273,3093
3537,2026-09-07,56.0,57.0,55.0,55.0,473409
3540,2026-09-07,23.799999237060547,23.799999237060547,23.149999618530273,23.299999237060547,207944
3541,2026-09-07,21.649999618530273,21.649999618530273,21.5,21.649999618530273,30009
3546,2026-09-07,71.5,73.0,71.5,72.5,227357
3548,2026-09-07,84.5,84.5,82.5,83.4000015258789,172135
3551,2026-09-07,183.0,183.5,180.0,180.5,284733
3552,2026-09-07,43.20000076293945,43.20000076293945,42.75,42.900001525878906,40377
3555,2026-09-07,193.5,209.5,192.5,207.0,191077
3556,2026-09-07,58.0,58.70000076293945,57.70000076293945,58.0,204101
3558,2026-09-07,120.0,120.5,118.5,118.5,48459
3564,2026-09-07,50.79999923706055,50.79999923706055,49.0,49.20000076293945,356136
3567,2026-09-07,25.600000381469727,25.600000381469727,25.350000381469727,25.350000381469727,16243
3570,2026-09-07,163.5,163.5,163.0,163.5,12696
3577,2026-09-07,112.0,113.5,111.0,113.5,120143
3580,2026-09-07,88.80000305175781,88.9000015258789,86.0,86.80000305175781,221896
3581,2026-09-07,114.0,114.0,108.0,108.0,377080
3587,2026-09-07,258.5,258.5,252.0,252.5,350536
3594,2026-09-07,49.29999923706055,49.5,48.29999923706055,48.29999923706055,464514
3597,2026-09-07,27.399999618530273,27.399999618530273,26.700000762939453,26.700000762939453,82679
3609,2026-09-07,18.600000381469727,19.149999618530273,18.25,19.100000381469727,94006
3615,2026-09-07,36.70000076293945,37.29999923706055,36.349998474121094,36.400001525878906,299730
3611,2026-09-07,183.0,183.0,181.5,182.0,77168
3623,2026-09-07,24.200000762939453,24.5,24.0,24.299999237060547,129276
3624,2026-09-07,95.0999984741211,102.0,93.80000305175781,96.9000015258789,20007194
3625,2026-09-07,12.350000381469727,12.600000381469727,12.0,12.100000381469727,186877
3628,2026-09-07,68.9000015258789,69.69999694824219,68.0999984741211,68.4000015258789,57399
3629,2026-09-07,19.799999237060547,19.850000381469727,19.799999237060547,19.850000381469727,7001
3630,2026-09-07,28.299999237060547,28.399999618530273,27.25,27.25,1209676
3631,2026-09-07,38.5,38.900001525878906,37.599998474121094,37.849998474121094,110899
3632,2026-09-07,7.309999942779541,7.309999942779541,7.300000190734863,7.300000190734863,13044
3663,2026-09-07,62.20000076293945,62.599998474121094,61.0,62.099998474121094,346216
3646,2026-09-07,24.200000762939453,24.200000762939453,23.700000762939453,23.850000381469727,24385
3664,2026-09-07,8.100000381469727,8.100000381469727,7.380000114440918,7.380000114440918,81145
3666,2026-09-07,25.100000381469727,25.100000381469727,24.799999237060547,25.0,15005
3675,2026-09-07,283.5,290.0,279.5,282.0,1015249
3672,2026-09-07,11.550000190734863,12.5,11.5,11.850000381469727,56003
3680,2026-09-07,528.0,535.0,524.0,529.0,1263488
3684,2026-09-07,53.5,54.20000076293945,53.400001525878906,54.20000076293945,36726
3687,2026-09-07,62.900001525878906,63.400001525878906,62.599998474121094,62.599998474121094,33193
3685,2026-09-07,36.95000076293945,37.04999923706055,36.29999923706055,36.95000076293945,570126
3689,2026-09-07,114.0,114.0,112.0,113.0,1587683
3691,2026-09-07,100.5,100.5,98.0,98.5999984741211,190025
3693,2026-09-07,669.0,700.0,665.0,682.0,2374885
3707,2026-09-07,62.79999923706055,63.099998474121094,61.099998474121094,61.20000076293945,2269724
3709,2026-09-07,66.19999694824219,66.69999694824219,66.0,66.0,305271
3710,2026-09-07,5.010000228881836,5.070000171661377,4.989999771118164,5.0,235934
3713,2026-09-07,14.149999618530273,14.300000190734863,14.0,14.300000190734863,24536
4102,2026-09-07,19.299999237060547,19.299999237060547,18.799999237060547,19.100000381469727,20253
4105,2026-09-07,77.19999694824219,77.19999694824219,76.30000305175781,76.5,370850
4107,2026-09-07,113.0,113.0,112.5,113.0,24677
4109,2026-09-07,11.149999618530273,11.149999618530273,10.949999809265137,11.0,164410
4111,2026-09-07,28.700000762939453,28.950000762939453,28.649999618530273,28.799999237060547,38227
4113,2026-09-07,15.0,15.199999809265137,15.0,15.199999809265137,102036
4114,2026-09-07,29.799999237060547,29.799999237060547,29.5,29.649999618530273,589518
4116,2026-09-07,39.95000076293945,40.25,39.79999923706055,40.25,20000
4120,2026-09-07,45.099998474121094,46.0,45.099998474121094,46.0,6829
4121,2026-09-07,13.0,13.0,12.75,12.800000190734863,64686
4123,2026-09-07,30.049999237060547,30.049999237060547,29.5,29.549999237060547,2293315
4126,2026-09-07,77.80000305175781,78.30000305175781,77.80000305175781,77.9000015258789,18620
4127,2026-09-07,62.0,63.70000076293945,60.70000076293945,62.0,253581
4128,2026-09-07,14.649999618530273,14.850000381469727,14.5,14.649999618530273,718392
4129,2026-09-07,81.5999984741211,83.0999984741211,81.5999984741211,82.4000015258789,163704
4131,2026-09-07,30.5,31.5,30.100000381469727,30.5,216000
4138,2026-09-07,53.099998474121094,53.79999923706055,52.400001525878906,53.599998474121094,54884
4139,2026-09-07,42.04999923706055,42.900001525878906,41.5,41.5,16002
4147,2026-09-07,63.29999923706055,63.29999923706055,62.20000076293945,62.70000076293945,612594
4157,2026-09-07,8.970000267028809,9.279999732971191,8.899999618530273,9.170000076293945,1918571
4160,2026-09-07,39.45000076293945,39.900001525878906,39.45000076293945,39.75,23649
4161,2026-09-07,22.700000762939453,22.75,22.549999237060547,22.649999618530273,33040
4162,2026-09-07,58.20000076293945,58.20000076293945,56.900001525878906,57.0,215523
4163,2026-09-07,137.0,137.5,136.0,137.5,23988
4166,2026-09-07,25.350000381469727,25.399999618530273,25.049999237060547,25.049999237060547,57000
4167,2026-09-07,19.200000762939453,19.200000762939453,18.799999237060547,18.899999618530273,552935
4168,2026-09-07,21.950000762939453,22.149999618530273,21.75,22.149999618530273,96082
4171,2026-09-07,16.799999237060547,16.899999618530273,16.549999237060547,16.799999237060547,69937
4173,2026-09-07,17.149999618530273,17.149999618530273,17.0,17.100000381469727,60558
4174,2026-09-07,25.100000381469727,25.299999237060547,24.899999618530273,24.950000762939453,310947
4175,2026-09-07,51.79999923706055,52.0,51.5,51.599998474121094,10817
4188,2026-09-07,14.100000381469727,14.5,13.050000190734863,13.699999809265137,324743
4192,2026-09-07,18.649999618530273,18.850000381469727,18.399999618530273,18.850000381469727,12301
4198,2026-09-07,50.900001525878906,50.900001525878906,48.0,48.0,3698
4205,2026-09-07,69.9000015258789,69.9000015258789,69.69999694824219,69.69999694824219,15875
4207,2026-09-07,20.299999237060547,20.600000381469727,20.149999618530273,20.25,49768
4303,2026-09-07,34.79999923706055,35.95000076293945,34.25,35.099998474121094,952107
4304,2026-09-07,18.5,18.5,17.25,17.299999237060547,166871
4402,2026-09-07,14.350000381469727,14.350000381469727,13.600000381469727,14.149999618530273,27037
4401,2026-09-07,14.0,14.0,13.75,14.0,39082
4413,2026-09-07,19.700000762939453,19.700000762939453,19.549999237060547,19.549999237060547,4000
4416,2026-09-07,12.75,13.149999618530273,12.350000381469727,12.350000381469727,667575
4417,2026-09-07,47.0,47.20000076293945,47.0,47.20000076293945,54042
4419,2026-09-07,47.95000076293945,47.95000076293945,46.95000076293945,47.099998474121094,3000
4420,2026-09-07,38.900001525878906,38.900001525878906,38.599998474121094,38.75,46570
4430,2026-09-07,17.5,17.899999618530273,17.350000381469727,17.399999618530273,21889
4432,2026-09-07,15.699999809265137,15.699999809265137,15.600000381469727,15.649999618530273,18527
4433,2026-09-07,18.600000381469727,18.799999237060547,18.5,18.75,104761
4442,2026-09-07,50.29999923706055,52.70000076293945,50.29999923706055,52.70000076293945,128010
4503,2026-09-07,24.200000762939453,24.200000762939453,23.649999618530273,23.700000762939453,90612
4502,2026-09-07,15.649999618530273,15.649999618530273,15.5,15.649999618530273,17060
4506,2026-09-07,121.5,123.0,121.5,122.5,111145
4510,2026-09-07,47.599998474121094,47.599998474121094,45.400001525878906,45.650001525878906,2167648
4513,2026-09-07,16.0,16.0,15.550000190734863,15.699999809265137,315827
4523,2026-09-07,23.649999618530273,23.799999237060547,23.5,23.649999618530273,32241
4528,2026-09-07,14.949999809265137,14.949999809265137,14.899999618530273,14.899999618530273,20202
4529,2026-09-07,3.690000057220459,3.690000057220459,3.690000057220459,3.690000057220459,15000
4530,2026-09-07,28.899999618530273,28.899999618530273,27.899999618530273,27.899999618530273,12044
4533,2026-09-07,25.899999618530273,26.0,25.25,26.0,446100
4534,2026-09-07,30.350000381469727,30.350000381469727,28.299999237060547,28.5,1137260
4535,2026-09-07,27.700000762939453,27.799999237060547,27.299999237060547,27.799999237060547,8296
4538,2026-09-07,17.549999237060547,17.700000762939453,17.5,17.5,14001
4541,2026-09-07,61.599998474121094,62.0,61.0,61.599998474121094,848572
4543,2026-09-07,29.75,30.0,29.350000381469727,29.399999618530273,101397
4549,2026-09-07,102.5,104.5,102.0,103.5,82645
4542,2026-09-07,284.5,291.0,278.5,288.0,478926
4550,2026-09-07,23.600000381469727,24.0,23.600000381469727,24.0,21288
4554,2026-09-07,30.0,30.0,29.600000381469727,29.600000381469727,15146
4558,2026-09-07,17.399999618530273,17.5,17.049999237060547,17.149999618530273,24050
4556,2026-09-07,73.19999694824219,73.80000305175781,70.5,70.5,377377
4561,2026-09-07,43.5,43.54999923706055,42.150001525878906,42.20000076293945,185284
4563,2026-09-07,44.54999923706055,45.75,43.5,45.099998474121094,175783
4577,2026-09-07,86.0,89.5999984741211,85.4000015258789,89.5999984741211,536370
4568,2026-09-07,39.29999923706055,39.400001525878906,39.150001525878906,39.400001525878906,4251
4580,2026-09-07,83.19999694824219,83.19999694824219,82.0,82.30000305175781,93148
4609,2026-09-07,4.25,4.25,4.050000190734863,4.050000190734863,6156
4702,2026-09-07,9.359999656677246,9.460000038146973,9.289999961853027,9.369999885559082,73668
4706,2026-09-07,39.150001525878906,39.150001525878906,39.150001525878906,39.150001525878906,116677
4707,2026-09-07,30.799999237060547,30.799999237060547,28.200000762939453,28.299999237060547,4162709
4711,2026-09-07,16.649999618530273,16.75,16.399999618530273,16.5,66477
4714,2026-09-07,10.699999809265137,10.699999809265137,10.550000190734863,10.550000190734863,256909
4716,2026-09-07,17.549999237060547,17.700000762939453,17.149999618530273,17.149999618530273,829210
4726,2026-09-07,24.0,24.0,23.600000381469727,23.700000762939453,138728
4721,2026-09-07,72.69999694824219,72.69999694824219,68.9000015258789,71.30000305175781,300213
4728,2026-09-07,392.0,395.0,392.0,394.0,4116
4729,2026-09-07,18.899999618530273,18.950000762939453,18.799999237060547,18.899999618530273,58254
4735,2026-09-07,37.54999923706055,37.79999923706055,36.650001525878906,36.650001525878906,58472
4741,2026-09-07,40.349998474121094,41.650001525878906,40.0,40.900001525878906,177909
4743,2026-09-07,45.099998474121094,45.849998474121094,44.54999923706055,45.599998474121094,948210
4744,2026-09-07,26.799999237060547,27.299999237060547,26.799999237060547,27.149999618530273,38969
4745,2026-09-07,11.850000381469727,11.899999618530273,11.699999809265137,11.850000381469727,36120
4747,2026-09-07,24.600000381469727,24.75,24.200000762939453,24.75,51211
4749,2026-09-07,794.0,825.0,784.0,787.0,1134780
4760,2026-09-07,268.0,280.5,264.5,272.5,569425
4767,2026-09-07,29.0,29.450000762939453,28.75,29.049999237060547,10349
4768,2026-09-07,306.0,309.0,300.5,303.0,246867
4772,2026-09-07,254.0,254.5,247.5,250.5,490624
4806,2026-09-07,8.8100004196167,8.869999885559082,8.800000190734863,8.869999885559082,10052
4903,2026-09-07,37.04999923706055,37.04999923706055,36.099998474121094,36.5,701194
4905,2026-09-07,87.4000015258789,88.19999694824219,83.0,84.80000305175781,47405
4907,2026-09-07,46.79999923706055,46.79999923706055,45.0,45.0,196330
4908,2026-09-07,230.5,231.5,220.5,223.0,1430658
4909,2026-09-07,37.20000076293945,37.29999923706055,36.5,36.599998474121094,224105
4911,2026-09-07,29.299999237060547,29.399999618530273,29.149999618530273,29.299999237060547,6669
4923,2026-09-07,52.5,53.0,50.79999923706055,50.900001525878906,296666
4924,2026-09-07,12.800000190734863,13.100000381469727,12.550000190734863,13.100000381469727,238869
4931,2026-09-07,254.5,254.5,247.0,247.5,2792889
4933,2026-09-07,54.0,54.0,53.5,53.70000076293945,50159
4939,2026-09-07,88.5,94.5,88.5,93.5999984741211,7883224
4946,2026-09-07,87.0999984741211,91.5,87.0,91.5,24386
4951,2026-09-07,80.0999984741211,80.0999984741211,79.0999984741211,79.30000305175781,105390
4953,2026-09-07,120.5,121.0,119.0,120.0,200834
4966,2026-09-07,572.0,573.0,565.0,566.0,246465
4971,2026-09-07,633.0,635.0,606.0,610.0,2109868
4972,2026-09-07,16.600000381469727,16.649999618530273,16.399999618530273,16.5,40072
4973,2026-09-07,151.0,152.0,149.5,150.5,645571
4974,2026-09-07,72.5,72.9000015258789,71.80000305175781,71.80000305175781,183937
4979,2026-09-07,630.0,635.0,590.0,590.0,15703719
4991,2026-09-07,520.0,520.0,489.0,494.0,588169
4995,2026-09-07,52.20000076293945,52.20000076293945,49.45000076293945,49.79999923706055,40284
5009,2026-09-07,33.400001525878906,33.400001525878906,32.650001525878906,32.75,1368017
5011,2026-09-07,18.25,18.25,18.0,18.25,111355
5013,2026-09-07,29.600000381469727,29.600000381469727,28.299999237060547,28.299999237060547,18136
5014,2026-09-07,10.050000190734863,10.050000190734863,10.0,10.0,50156
5015,2026-09-07,21.899999618530273,22.100000381469727,21.899999618530273,22.0,43528
5016,2026-09-07,24.149999618530273,24.600000381469727,24.149999618530273,24.600000381469727,3000
5201,2026-09-07,27.149999618530273,27.549999237060547,26.850000381469727,27.399999618530273,150197
5202,2026-09-07,12.0,12.0,11.75,11.75,68810
5205,2026-09-07,18.450000762939453,20.149999618530273,18.450000762939453,20.149999618530273,5190
5206,2026-09-07,23.75,23.799999237060547,23.049999237060547,23.049999237060547,278270
5209,2026-09-07,154.5,154.5,152.0,154.0,63092
5210,2026-09-07,29.399999618530273,29.399999618530273,28.049999237060547,28.049999237060547,230499
5211,2026-09-07,19.5,19.5,19.149999618530273,19.25,12009
5212,2026-09-07,46.400001525878906,47.0,46.20000076293945,47.0,14256
5213,2026-09-07,21.0,21.0,20.850000381469727,20.850000381469727,124743
5220,2026-09-07,20.0,20.049999237060547,19.600000381469727,19.649999618530273,21134
5223,2026-09-07,23.0,23.450000762939453,23.0,23.450000762939453,23000
5227,2026-09-07,29.950000762939453,30.299999237060547,29.0,30.299999237060547,220124
5228,2026-09-07,42.29999923706055,45.0,42.04999923706055,43.349998474121094,784443
5230,2026-09-07,17.799999237060547,18.350000381469727,17.5,17.799999237060547,105246
5245,2026-09-07,23.0,23.200000762939453,22.549999237060547,22.799999237060547,32199
5251,2026-09-07,26.0,26.100000381469727,25.5,26.100000381469727,30289
5263,2026-09-07,103.5,105.0,102.0,103.0,198688
5272,2026-09-07,16.850000381469727,16.950000762939453,16.700000762939453,16.75,58336
5274,2026-09-07,19215.0,19215.0,18700.0,19215.0,544259
5278,2026-09-07,24.149999618530273,24.25,24.149999618530273,24.149999618530273,70895
5287,2026-09-07,136.5,136.5,135.5,136.0,66822
5289,2026-09-07,1415.0,1440.0,1390.0,1405.0,1606648
5291,2026-09-07,67.0,69.5,65.4000015258789,68.0999984741211,866802
5299,2026-09-07,97.80000305175781,99.0,96.5999984741211,96.80000305175781,145289
5301,2026-09-07,5.21999979019165,5.599999904632568,5.150000095367432,5.150000095367432,59101
5302,2026-09-07,10.5,10.5,10.199999809265137,10.25,231560
5309,2026-09-07,52.79999923706055,52.79999923706055,51.29999923706055,51.400001525878906,858740
5312,2026-09-07,90.0999984741211,92.0,90.0999984741211,91.9000015258789,13169
5314,2026-09-07,32.54999923706055,35.20000076293945,32.5,35.20000076293945,6700618
5315,2026-09-07,18.75,18.75,18.600000381469727,18.649999618530273,125000
5321,2026-09-07,81.19999694824219,83.4000015258789,77.5,77.5,586781
5324,2026-09-07,12.300000190734863,12.300000190734863,12.199999809265137,12.300000190734863,189884
5328,2026-09-07,62.79999923706055,63.20000076293945,60.70000076293945,60.70000076293945,3383245
5340,2026-09-07,79.80000305175781,82.69999694824219,79.80000305175781,81.19999694824219,1591368
5344,2026-09-07,13.699999809265137,13.699999809265137,13.550000190734863,13.550000190734863,14385
5345,2026-09-07,21.5,21.799999237060547,21.399999618530273,21.799999237060547,11042
5347,2026-09-07,152.5,156.5,151.0,156.0,14035541
5348,2026-09-07,16.649999618530273,16.649999618530273,16.600000381469727,16.600000381469727,2000
5351,2026-09-07,116.5,121.0,116.5,118.5,15559384
5353,2026-09-07,28.899999618530273,28.899999618530273,27.799999237060547,28.0,39589
5355,2026-09-07,5.809999942779541,6.0,5.730000019073486,6.0,126048
5356,2026-09-07,26.299999237060547,26.350000381469727,25.950000762939453,26.049999237060547,67365
5364,2026-09-07,8.399999618530273,8.479999542236328,8.329999923706055,8.369999885559082,45281
5381,2026-09-07,24.899999618530273,24.950000762939453,24.450000762939453,24.5,411664
5386,2026-09-07,260.5,265.0,259.5,259.5,584812
5392,2026-09-07,43.25,43.25,42.04999923706055,42.20000076293945,1208650
5398,2026-09-07,14.25,14.399999618530273,14.199999809265137,14.399999618530273,258034
5403,2026-09-07,93.80000305175781,93.80000305175781,92.80000305175781,93.69999694824219,53493
5410,2026-09-07,36.099998474121094,36.099998474121094,35.5,35.70000076293945,227165
5425,2026-09-07,93.5,95.30000305175781,91.80000305175781,92.4000015258789,10756423
5426,2026-09-07,28.899999618530273,28.899999618530273,28.450000762939453,28.649999618530273,474747
5432,2026-09-07,159.0,170.0,154.0,164.5,535821
5438,2026-09-07,16.600000381469727,16.899999618530273,16.600000381469727,16.850000381469727,24948
5439,2026-09-07,262.5,269.0,262.0,262.5,1901448
5450,2026-09-07,14.699999809265137,14.899999618530273,14.550000190734863,14.699999809265137,47069
5443,2026-09-07,114.0,121.5,112.5,120.0,7423240
5452,2026-09-07,27.25,27.350000381469727,26.799999237060547,26.899999618530273,275256
5455,2026-09-07,29.75,29.75,29.5,29.5,11000
5460,2026-09-07,16.049999237060547,16.25,16.0,16.200000762939453,35357
5457,2026-09-07,27.649999618530273,27.700000762939453,27.100000381469727,27.200000762939453,267126
5464,2026-09-07,74.0,76.4000015258789,74.0,76.4000015258789,760339
5465,2026-09-07,24.549999237060547,24.549999237060547,24.200000762939453,24.299999237060547,30000
5468,2026-09-07,24.700000762939453,24.950000762939453,24.399999618530273,24.649999618530273,110519
5474,2026-09-07,149.5,152.0,147.0,152.0,157188
5475,2026-09-07,192.0,198.0,190.0,194.0,4405072
5478,2026-09-07,98.0999984741211,98.0999984741211,97.5999984741211,97.9000015258789,83304
5481,2026-09-07,20.5,20.5,20.049999237060547,20.049999237060547,217228
5483,2026-09-07,186.0,187.5,182.0,183.5,10875572
5487,2026-09-07,29.450000762939453,29.450000762939453,28.0,28.0,91192
5488,2026-09-07,12.300000190734863,12.300000190734863,11.949999809265137,12.0,197277
5489,2026-09-07,41.0,41.349998474121094,41.0,41.25,19139
5490,2026-09-07,26.549999237060547,26.549999237060547,25.850000381469727,25.950000762939453,814162
5493,2026-09-07,84.5,84.80000305175781,83.80000305175781,84.0,48042
5498,2026-09-07,54.0,56.79999923706055,54.0,54.599998474121094,3097820
5508,2026-09-07,55.099998474121094,55.099998474121094,53.099998474121094,53.5,440430
5511,2026-09-07,69.80000305175781,70.0,69.0,69.4000015258789,131172
5512,2026-09-07,7.840000152587891,7.840000152587891,7.71999979019165,7.71999979019165,298832
5516,2026-09-07,12.0,12.149999618530273,11.899999618530273,11.899999618530273,18140
5520,2026-09-07,82.80000305175781,82.80000305175781,82.5,82.80000305175781,19028
5529,2026-09-07,24.399999618530273,25.450000762939453,24.399999618530273,24.5,171555
5530,2026-09-07,49.849998474121094,49.849998474121094,49.349998474121094,49.45000076293945,177671
5536,2026-09-07,858.0,888.0,851.0,874.0,785614
5543,2026-09-07,27.649999618530273,27.850000381469727,27.5,27.850000381469727,15282
5547,2026-09-07,19.700000762939453,19.700000762939453,19.549999237060547,19.600000381469727,12021
5601,2026-09-07,30.5,30.5,30.5,30.5,11033
5603,2026-09-07,13.949999809265137,13.949999809265137,13.899999618530273,13.949999809265137,39843
5604,2026-09-07,31.700000762939453,31.700000762939453,30.799999237060547,31.299999237060547,60307
5609,2026-09-07,78.30000305175781,78.69999694824219,77.9000015258789,78.5,116353
5701,2026-09-07,4.239999771118164,4.389999866485596,4.199999809265137,4.21999979019165,52275
5704,2026-09-07,23.5,23.5,23.0,23.149999618530273,58884
5864,2026-09-07,38.0,38.20000076293945,36.849998474121094,37.25,3100247
5878,2026-09-07,38.70000076293945,38.70000076293945,38.150001525878906,38.150001525878906,7214
5902,2026-09-07,33.79999923706055,34.900001525878906,33.54999923706055,34.04999923706055,164239
5903,2026-09-07,184.0,185.0,184.0,185.0,21436
5904,2026-09-07,72.0999984741211,72.5,71.0,71.69999694824219,3992922
5905,2026-09-07,7.679999828338623,7.699999809265137,7.610000133514404,7.619999885559082,454655
6016,2026-09-07,22.649999618530273,22.850000381469727,21.799999237060547,22.100000381469727,8139884
6015,2026-09-07,17.049999237060547,17.100000381469727,16.549999237060547,16.850000381469727,2180588
6020,2026-09-07,21.0,21.0,20.899999618530273,20.950000762939453,11000
6021,2026-09-07,40.75,41.04999923706055,40.25,40.849998474121094,303399
6023,2026-09-07,83.5,83.9000015258789,82.9000015258789,82.9000015258789,4199937
6026,2026-09-07,15.199999809265137,15.300000190734863,15.050000190734863,15.149999618530273,1346576
6028,2026-09-07,96.5999984741211,96.5999984741211,96.0,96.5999984741211,5817
6101,2026-09-07,38.349998474121094,38.349998474121094,37.70000076293945,38.099998474121094,129402
6103,2026-09-07,37.0,37.0,34.099998474121094,34.099998474121094,42982
6104,2026-09-07,97.5999984741211,97.5999984741211,95.69999694824219,95.9000015258789,345785
6109,2026-09-07,10.800000190734863,10.850000381469727,10.699999809265137,10.850000381469727,113251
6111,2026-09-07,37.849998474121094,37.95000076293945,37.20000076293945,37.20000076293945,72496
6113,2026-09-07,23.299999237060547,23.299999237060547,22.850000381469727,22.850000381469727,158289
6114,2026-09-07,25.200000762939453,25.75,24.899999618530273,24.899999618530273,9775
6118,2026-09-07,15.300000190734863,15.300000190734863,15.100000381469727,15.300000190734863,89620
6121,2026-09-07,394.0,394.0,383.0,386.5,823115
6123,2026-09-07,43.70000076293945,43.70000076293945,43.150001525878906,43.599998474121094,34498
6122,2026-09-07,51.099998474121094,51.599998474121094,50.20000076293945,51.5,332355
6124,2026-09-07,27.700000762939453,27.75,27.450000762939453,27.600000381469727,22604
6125,2026-09-07,51.79999923706055,51.900001525878906,50.79999923706055,50.79999923706055,741190
6126,2026-09-07,29.5,29.5,28.850000381469727,29.0,430608
6127,2026-09-07,50.0,50.900001525878906,49.45000076293945,49.650001525878906,2504126
6130,2026-09-07,26.450000762939453,26.700000762939453,25.950000762939453,26.350000381469727,62695
6138,2026-09-07,294.0,298.0,288.0,288.0,953889
6134,2026-09-07,29.799999237060547,30.0,28.950000762939453,29.200000762939453,191345
6140,2026-09-07,16.5,16.700000762939453,16.25,16.25,41691
6143,2026-09-07,88.0,88.0,86.4000015258789,86.5,332490
6146,2026-09-07,182.5,182.5,180.0,181.0,218124
6144,2026-09-07,13.350000381469727,13.350000381469727,12.899999618530273,13.300000190734863,3023
6147,2026-09-07,184.5,198.0,182.5,191.0,47743159
6148,2026-09-07,29.399999618530273,29.399999618530273,28.0,28.450000762939453,143118
6150,2026-09-07,61.099998474121094,61.099998474121094,59.900001525878906,60.099998474121094,134738
6151,2026-09-07,35.29999923706055,35.29999923706055,34.900001525878906,35.0,93831
6154,2026-09-07,14.050000190734863,14.050000190734863,13.949999809265137,13.949999809265137,10507
6156,2026-09-07,20.950000762939453,20.950000762939453,20.600000381469727,20.600000381469727,203028
6160,2026-09-07,15.0,15.0,14.550000190734863,14.600000381469727,24233
6158,2026-09-07,17.299999237060547,17.5,17.100000381469727,17.299999237060547,39085
6161,2026-09-07,51.599998474121094,51.599998474121094,50.5,50.70000076293945,80212
6163,2026-09-07,41.650001525878906,41.95000076293945,40.79999923706055,41.400001525878906,271313
6167,2026-09-07,10.199999809265137,10.449999809265137,10.199999809265137,10.199999809265137,196780
6169,2026-09-07,12.100000381469727,12.199999809265137,12.100000381469727,12.199999809265137,6470
6170,2026-09-07,48.5,48.5,47.95000076293945,48.25,63785
6171,2026-09-07,25.899999618530273,27.0,25.549999237060547,25.799999237060547,57283
6173,2026-09-07,273.5,286.5,273.0,286.5,12478938
6174,2026-09-07,44.20000076293945,45.849998474121094,43.599998474121094,45.400001525878906,710927
6175,2026-09-07,73.0999984741211,74.19999694824219,71.80000305175781,72.19999694824219,778348
6179,2026-09-07,29.850000381469727,30.299999237060547,28.700000762939453,30.100000381469727,2963059
6180,2026-09-07,42.29999923706055,42.849998474121094,41.650001525878906,42.849998474121094,567445
6182,2026-09-07,112.0,114.0,110.0,111.5,40500981
6185,2026-09-07,12.75,12.800000190734863,12.600000381469727,12.75,86200
6186,2026-09-07,31.450000762939453,31.549999237060547,30.399999618530273,30.5,965814
6187,2026-09-07,1320.0,1400.0,1310.0,1370.0,2391654
6188,2026-09-07,66.5999984741211,66.80000305175781,65.5,65.5,671555
6190,2026-09-07,68.80000305175781,68.80000305175781,67.0,67.0999984741211,1354973
6194,2026-09-07,29.600000381469727,29.700000762939453,29.600000381469727,29.700000762939453,16000
6195,2026-09-07,27.799999237060547,27.799999237060547,27.700000762939453,27.700000762939453,17209
6199,2026-09-07,96.0999984741211,97.19999694824219,95.0,96.19999694824219,1583110
6203,2026-09-07,60.5,60.599998474121094,60.099998474121094,60.20000076293945,34643
6204,2026-09-07,93.30000305175781,93.80000305175781,91.0,91.0999984741211,395615
6207,2026-09-07,113.5,115.0,110.0,112.5,5764899
6208,2026-09-07,74.30000305175781,75.5,73.0,75.0,160037
6212,2026-09-07,31.75,31.950000762939453,30.950000762939453,31.950000762939453,6162
6217,2026-09-07,191.5,193.0,179.5,181.5,5646922
6218,2026-09-07,43.20000076293945,45.5,42.70000076293945,44.54999923706055,2957998
6219,2026-09-07,12.600000381469727,12.600000381469727,12.350000381469727,12.399999618530273,24754
6220,2026-09-07,25.649999618530273,25.850000381469727,25.399999618530273,25.850000381469727,116545
6221,2026-09-07,21.450000762939453,21.450000762939453,21.299999237060547,21.399999618530273,106759
6222,2026-09-07,19.950000762939453,19.950000762939453,19.700000762939453,19.950000762939453,5000
6223,2026-09-07,5225.0,5575.0,5165.0,5490.0,1199546
6227,2026-09-07,115.0,115.0,111.0,111.5,377552
6231,2026-09-07,214.5,214.5,212.0,214.0,113161
6229,2026-09-07,23.549999237060547,24.0,23.549999237060547,23.899999618530273,91032
6233,2026-09-07,21.049999237060547,21.100000381469727,20.850000381469727,21.0,76714
6234,2026-09-07,34.45000076293945,36.29999923706055,34.20000076293945,35.75,402766
6237,2026-09-07,35.04999923706055,35.25,35.0,35.150001525878906,127731
6240,2026-09-07,24.850000381469727,25.25,22.799999237060547,22.850000381469727,249581
6241,2026-09-07,16.600000381469727,16.899999618530273,15.850000381469727,15.899999618530273,130721
6242,2026-09-07,33.79999923706055,34.29999923706055,33.79999923706055,34.29999923706055,3000
6244,2026-09-07,23.600000381469727,23.600000381469727,23.25,23.450000762939453,1049002
6245,2026-09-07,79.0,79.4000015258789,77.5,79.30000305175781,398745
6246,2026-09-07,12.850000381469727,13.149999618530273,12.850000381469727,12.899999618530273,23511
6248,2026-09-07,16.950000762939453,16.950000762939453,16.799999237060547,16.899999618530273,39817
6259,2026-09-07,30.600000381469727,30.899999618530273,29.899999618530273,29.950000762939453,180829
6261,2026-09-07,79.9000015258789,80.4000015258789,77.69999694824219,79.30000305175781,404465
6263,2026-09-07,171.5,173.5,168.0,170.5,200648
6264,2026-09-07,5.940000057220459,6.03000020980835,5.929999828338623,6.03000020980835,35000
6265,2026-09-07,55.0,56.099998474121094,54.29999923706055,54.79999923706055,2594398
6266,2026-09-07,24.75,24.75,24.549999237060547,24.700000762939453,60603
6270,2026-09-07,28.700000762939453,28.799999237060547,28.5,28.649999618530273,91838
6274,2026-09-07,1395.0,1405.0,1345.0,1370.0,5823991
6275,2026-09-07,47.70000076293945,47.70000076293945,46.25,46.25,512848
6276,2026-09-07,20.350000381469727,20.799999237060547,20.0,20.600000381469727,29169
6279,2026-09-07,117.0,117.0,113.5,114.0,1040313
6284,2026-09-07,80.4000015258789,81.4000015258789,79.0999984741211,79.9000015258789,1126740
6290,2026-09-07,278.0,283.0,266.0,269.5,6121162
6291,2026-09-07,457.0,459.5,440.5,442.5,1205823
6292,2026-09-07,62.0,65.9000015258789,61.099998474121094,65.80000305175781,771666
6294,2026-09-07,28.75,28.950000762939453,28.700000762939453,28.799999237060547,12899
6411,2026-09-07,81.0,81.0,80.0,80.30000305175781,112444
6417,2026-09-07,108.0,108.0,106.5,106.5,30089
6418,2026-09-07,33.0,35.5,32.5,34.599998474121094,193494
6419,2026-09-07,156.5,156.5,151.5,152.0,138570
6423,2026-09-07,86.80000305175781,87.0,83.80000305175781,84.4000015258789,20402
6425,2026-09-07,62.900001525878906,63.5,62.5,62.900001525878906,185546
6432,2026-09-07,62.0,63.400001525878906,61.29999923706055,61.599998474121094,427764
6435,2026-09-07,250.0,254.0,246.5,251.5,359042
6441,2026-09-07,23.100000381469727,23.100000381469727,23.100000381469727,23.100000381469727,169511
6462,2026-09-07,102.5,102.5,100.0,100.5,365304
6465,2026-09-07,46.04999923706055,46.95000076293945,45.849998474121094,46.29999923706055,81166
6469,2026-09-07,67.4000015258789,67.4000015258789,66.80000305175781,67.0999984741211,331645
6470,2026-09-07,41.79999923706055,42.45000076293945,41.5,41.650001525878906,75227
6474,2026-09-07,36.54999923706055,36.54999923706055,36.349998474121094,36.54999923706055,21259
6485,2026-09-07,62.099998474121094,62.29999923706055,61.29999923706055,61.79999923706055,137416
6486,2026-09-07,83.5999984741211,83.5999984741211,81.30000305175781,82.4000015258789,245835
6488,2026-09-07,990.0,1015.0,966.0,971.0,8835569
6492,2026-09-07,33.900001525878906,34.400001525878906,33.400001525878906,34.349998474121094,420969
6494,2026-09-07,56.400001525878906,56.400001525878906,55.0,55.099998474121094,107843
6496,2026-09-07,24.0,24.649999618530273,24.0,24.649999618530273,2607
6499,2026-09-07,73.80000305175781,73.80000305175781,71.80000305175781,73.0,105047
6498,2026-09-07,75.69999694824219,75.69999694824219,73.5,73.5999984741211,263703
6506,2026-09-07,18.25,18.350000381469727,18.200000762939453,18.299999237060547,57986
6508,2026-09-07,25.75,26.100000381469727,25.600000381469727,25.899999618530273,21890
6509,2026-09-07,46.95000076293945,47.0,46.25,46.29999923706055,550098
6510,2026-09-07,3470.0,3645.0,3350.0,3470.0,1560953
6516,2026-09-07,58.900001525878906,58.900001525878906,57.5,57.5,37500
6517,2026-09-07,70.69999694824219,70.69999694824219,67.0,67.30000305175781,536918
6523,2026-09-07,89.69999694824219,89.80000305175781,89.4000015258789,89.80000305175781,14065
6527,2026-09-07,74.0,74.0999984741211,74.0,74.0999984741211,9020
6530,2026-09-07,97.80000305175781,97.80000305175781,94.0,94.0,1561849
6535,2026-09-07,78.4000015258789,79.0,77.19999694824219,78.0999984741211,174926
6532,2026-09-07,98.0,98.4000015258789,95.69999694824219,98.0,553780
6538,2026-09-07,295.5,315.0,281.5,305.0,5896543
6542,2026-09-07,44.95000076293945,44.95000076293945,43.5,43.5,9000
6546,2026-09-07,62.5,62.599998474121094,61.79999923706055,61.900001525878906,271804
6547,2026-09-07,62.0,63.900001525878906,61.20000076293945,63.400001525878906,3604715
6548,2026-09-07,77.0,77.0,73.5999984741211,73.5999984741211,5476792
6556,2026-09-07,61.900001525878906,61.900001525878906,61.5,61.5,9300
6560,2026-09-07,30.950000762939453,30.950000762939453,30.649999618530273,30.899999618530273,14326
6561,2026-09-07,323.0,323.5,319.5,322.0,57299
6568,2026-09-07,137.0,139.0,135.0,135.0,43948
6569,2026-09-07,90.80000305175781,91.0999984741211,89.69999694824219,91.0,86477
6570,2026-09-07,51.70000076293945,52.20000076293945,50.0,50.5,101535
6574,2026-09-07,119.0,120.5,117.5,120.0,27881
6576,2026-09-07,80.4000015258789,83.19999694824219,80.19999694824219,83.0,352425
6577,2026-09-07,80.30000305175781,80.30000305175781,79.4000015258789,80.0,31442
6578,2026-09-07,18.200000762939453,18.399999618530273,18.100000381469727,18.100000381469727,56064
6584,2026-09-07,641.0,643.0,618.0,619.0,490199
6588,2026-09-07,109.0,119.0,108.5,118.0,5468542
6590,2026-09-07,66.80000305175781,67.19999694824219,66.19999694824219,67.0,45061
6593,2026-09-07,31.649999618530273,31.700000762939453,31.299999237060547,31.5,123561
6596,2026-09-07,95.5999984741211,95.9000015258789,94.5,95.5,101040
6597,2026-09-07,72.5,72.5,72.5,72.5,1026
6603,2026-09-07,25.200000762939453,25.350000381469727,24.75,24.799999237060547,665615
6609,2026-09-07,39.900001525878906,39.900001525878906,39.29999923706055,39.599998474121094,84662
6612,2026-09-07,69.5,70.9000015258789,69.5,70.0,20145
6613,2026-09-07,262.0,267.0,261.0,265.0,311207
6615,2026-09-07,34.900001525878906,34.900001525878906,34.150001525878906,34.150001525878906,9263
6616,2026-09-07,8.020000457763672,8.390000343322754,8.010000228881836,8.390000343322754,12500
6617,2026-09-07,135.0,135.0,135.0,135.0,534020
6620,2026-09-07,114.5,118.0,107.5,113.0,9375420
6629,2026-09-07,106.5,107.0,105.5,106.5,29116
6637,2026-09-07,56.099998474121094,56.20000076293945,55.5,55.79999923706055,21760
6640,2026-09-07,1250.0,1320.0,1175.0,1300.0,1026892
6642,2026-09-07,83.0,83.0,78.9000015258789,80.5,237371
6643,2026-09-07,415.5,415.5,408.0,411.0,174638
6649,2026-09-07,34.900001525878906,35.75,34.900001525878906,35.0,31001
6651,2026-09-07,153.5,153.5,145.0,147.0,170932
6654,2026-09-07,219.5,224.5,212.0,215.0,85090
6661,2026-09-07,16.100000381469727,16.299999237060547,16.100000381469727,16.299999237060547,7000
6664,2026-09-07,360.0,363.0,353.0,356.5,363788
6667,2026-09-07,245.5,261.5,245.5,255.0,1087564
6679,2026-09-07,209.0,211.5,206.5,207.0,1084684
6683,2026-09-07,1455.0,1495.0,1395.0,1410.0,1433080
6684,2026-09-07,46.79999923706055,46.79999923706055,45.849998474121094,45.849998474121094,67657
6690,2026-09-07,163.0,163.5,162.5,163.0,20993
6692,2026-09-07,22.600000381469727,23.350000381469727,22.600000381469727,23.350000381469727,12200
6693,2026-09-07,189.5,196.5,183.0,184.5,2421735
6697,2026-09-07,41.0,41.0,40.849998474121094,40.849998474121094,5000
6703,2026-09-07,103.0,103.5,102.5,103.5,17370
6708,2026-09-07,39.29999923706055,39.29999923706055,37.150001525878906,38.5,39408
6712,2026-09-07,157.5,157.5,153.5,155.0,271654
6716,2026-09-07,117.0,119.5,112.5,118.0,1013732
6720,2026-09-07,132.5,132.5,130.5,132.0,9200
6725,2026-09-07,225.0,232.5,225.0,227.5,65973
6721,2026-09-07,50.5,50.599998474121094,50.5,50.5,5346
6727,2026-09-07,543.0,561.0,530.0,537.0,1335674
6728,2026-09-07,107.0,108.5,107.0,108.5,4124
6730,2026-09-07,32.79999923706055,32.79999923706055,32.099998474121094,32.29999923706055,18254
6732,2026-09-07,150.0,150.0,148.0,148.5,57746
6733,2026-09-07,26.25,26.299999237060547,26.0,26.25,60497
6735,2026-09-07,63.29999923706055,63.29999923706055,62.0,62.79999923706055,43849
6739,2026-09-07,1150.0,1150.0,1075.0,1110.0,506388
6741,2026-09-07,60.0,60.20000076293945,59.400001525878906,59.900001525878906,107808
6751,2026-09-07,41.400001525878906,41.79999923706055,41.349998474121094,41.400001525878906,10130
6752,2026-09-07,96.0,97.69999694824219,96.0,97.0999984741211,3292
6761,2026-09-07,184.5,184.5,180.0,180.0,293147
6762,2026-09-07,168.0,168.0,168.0,168.0,1622
6763,2026-09-07,41.20000076293945,41.20000076293945,40.75,40.900001525878906,183020
6767,2026-09-07,24.399999618530273,24.5,24.399999618530273,24.399999618530273,7030
6785,2026-09-07,92.0,94.0999984741211,91.0999984741211,94.0,45386
6788,2026-09-07,356.5,362.0,351.0,358.5,312996
6791,2026-09-07,101.5,101.5,99.9000015258789,99.9000015258789,16327
6803,2026-09-07,271.0,271.5,269.0,271.5,66862
6804,2026-09-07,18.299999237060547,18.399999618530273,18.149999618530273,18.200000762939453,74544
6811,2026-09-07,234.0,237.0,221.5,223.5,642669
6821,2026-09-07,41.5,41.75,40.099998474121094,40.95000076293945,186375
6823,2026-09-07,60.400001525878906,60.70000076293945,59.29999923706055,60.099998474121094,93765
6829,2026-09-07,247.0,265.0,245.0,258.0,1722370
6840,2026-09-07,93.9000015258789,94.30000305175781,91.5999984741211,92.9000015258789,182214
6841,2026-09-07,53.900001525878906,54.099998474121094,53.400001525878906,53.70000076293945,134654
6843,2026-09-07,38.099998474121094,38.349998474121094,38.099998474121094,38.099998474121094,5000
6844,2026-09-07,59.79999923706055,59.900001525878906,59.599998474121094,59.900001525878906,22562
6846,2026-09-07,58.099998474121094,58.29999923706055,57.79999923706055,58.099998474121094,6000
6859,2026-09-07,115.0,115.0,111.5,111.5,32149
6865,2026-09-07,25.549999237060547,25.600000381469727,25.549999237060547,25.600000381469727,3173
6870,2026-09-07,291.0,315.0,284.5,301.5,274295
6872,2026-09-07,20.399999618530273,20.399999618530273,20.399999618530273,20.399999618530273,237363
6874,2026-09-07,71.69999694824219,71.69999694824219,68.80000305175781,68.9000015258789,57619
6875,2026-09-07,33.099998474121094,33.5,33.0,33.0,120895
6877,2026-09-07,112.5,121.5,112.5,121.5,99488
6881,2026-09-07,212.0,213.0,212.0,213.0,3375
6884,2026-09-07,30.5,30.5,30.149999618530273,30.149999618530273,5231
6894,2026-09-07,353.0,357.5,348.5,353.0,19509
6895,2026-09-07,156.0,158.5,153.5,153.5,25931
6899,2026-09-07,50.0,50.0,49.5,49.79999923706055,16200
6903,2026-09-07,314.0,316.5,312.0,315.0,159557
6904,2026-09-07,123.5,123.5,123.5,123.5,1002
6907,2026-09-07,188.0,199.5,188.0,199.5,4043053
6910,2026-09-07,25.0,25.0,24.899999618530273,24.899999618530273,12207
6913,2026-09-07,143.0,143.0,136.0,136.5,1521978
6922,2026-09-07,213.5,217.0,209.0,209.0,434057
6925,2026-09-07,50.0,50.0,49.849998474121094,49.849998474121094,14356
6929,2026-09-07,22.100000381469727,22.649999618530273,22.0,22.649999618530273,13049
6945,2026-09-07,97.0,97.0,95.19999694824219,95.30000305175781,122547
6961,2026-09-07,50.400001525878906,50.400001525878906,49.900001525878906,49.900001525878906,13307
6967,2026-09-07,69.19999694824219,70.0999984741211,69.19999694824219,70.0,29285
6968,2026-09-07,41.70000076293945,42.150001525878906,41.20000076293945,41.75,150812
6971,2026-09-07,26.100000381469727,26.350000381469727,26.100000381469727,26.299999237060547,37996
6982,2026-09-07,47.150001525878906,47.150001525878906,46.04999923706055,46.29999923706055,31511
6983,2026-09-07,359.0,359.0,345.0,349.5,48573
6986,2026-09-07,41.599998474121094,41.599998474121094,40.79999923706055,41.5,63030
6996,2026-09-07,184.0,184.0,183.0,183.5,19858
6997,2026-09-07,68.5,68.9000015258789,68.5,68.5999984741211,5153
7402,2026-09-07,106.0,106.0,103.0,104.5,203464
7547,2026-09-07,50.0,50.29999923706055,50.0,50.29999923706055,4000
7556,2026-09-07,250.0,251.0,248.5,250.0,15257
7584,2026-09-07,27.850000381469727,27.850000381469727,25.850000381469727,27.450000762939453,4000
7642,2026-09-07,75.80000305175781,75.80000305175781,75.80000305175781,75.80000305175781,5450
7703,2026-09-07,195.5,201.5,192.0,200.0,287154
7704,2026-09-07,59.099998474121094,60.20000076293945,58.599998474121094,59.900001525878906,45014
7708,2026-09-07,92.0,92.0,92.0,92.0,4356
7709,2026-09-07,85.0,85.0,85.0,85.0,319028
7712,2026-09-07,158.0,159.0,154.0,155.0,180364
7713,2026-09-07,73.9000015258789,73.9000015258789,73.9000015258789,73.9000015258789,2028
7714,2026-09-07,161.5,163.5,159.0,162.5,106944
7717,2026-09-07,492.5,494.0,492.0,494.0,545961
7718,2026-09-07,47.45000076293945,47.45000076293945,46.5,46.599998474121094,50213
7723,2026-09-07,18.649999618530273,18.75,18.399999618530273,18.700000762939453,38624
7728,2026-09-07,621.0,635.0,601.0,622.0,60950
7734,2026-09-07,2925.0,3130.0,2900.0,2915.0,421420
7738,2026-09-07,166.0,171.0,163.5,168.0,203384
7743,2026-09-07,21.5,22.0,21.5,21.950000762939453,54000
7744,2026-09-07,548.0,572.0,539.0,561.0,230105
7747,2026-09-07,113.5,114.0,113.5,114.0,2121
7751,2026-09-07,1635.0,1695.0,1585.0,1590.0,347636
7753,2026-09-07,36.25,36.849998474121094,36.099998474121094,36.29999923706055,13486
7767,2026-09-07,44.849998474121094,45.0,44.599998474121094,45.0,18000
7770,2026-09-07,34.79999923706055,34.79999923706055,34.54999923706055,34.75,9000
7772,2026-09-07,119.5,119.5,119.5,119.5,81134
7777,2026-09-07,38.70000076293945,38.70000076293945,37.650001525878906,38.0,1352243
7782,2026-09-07,26.0,26.0,25.950000762939453,26.0,3037
7794,2026-09-07,31.649999618530273,31.649999618530273,31.649999618530273,31.649999618530273,135370
7792,2026-09-07,308.0,319.5,308.0,314.5,350960
7805,2026-09-07,511.0,515.0,506.0,514.0,34916
7810,2026-09-07,224.0,224.0,217.0,217.5,55399
7814,2026-09-07,29.0,29.5,28.950000762939453,29.0,28473
7819,2026-09-07,35.20000076293945,35.20000076293945,34.650001525878906,34.75,19607
7820,2026-09-07,120.0,120.0,113.5,114.5,20429
7828,2026-09-07,1990.0,2000.0,1855.0,1870.0,371272
7839,2026-09-07,44.20000076293945,44.5,43.5,44.5,7000
7842,2026-09-07,97.19999694824219,101.5,97.19999694824219,99.9000015258789,24296
8024,2026-09-07,12.550000190734863,12.899999618530273,12.550000190734863,12.800000190734863,26273
8027,2026-09-07,185.0,186.0,180.0,185.5,2323719
8032,2026-09-07,36.0,36.0,35.599998474121094,35.75,12521
8034,2026-09-07,20.0,21.25,20.0,20.899999618530273,366729
8038,2026-09-07,32.0,32.0,30.850000381469727,30.850000381469727,128530
8040,2026-09-07,77.5,82.5,74.5,82.5,4945709
8042,2026-09-07,113.5,121.5,111.5,121.5,11565905
8043,2026-09-07,146.0,149.5,142.5,144.0,4990406
8044,2026-09-07,24.200000762939453,24.200000762939453,23.649999618530273,23.75,447312
8047,2026-09-07,41.099998474121094,43.95000076293945,41.099998474121094,42.099998474121094,28000
8048,2026-09-07,51.900001525878906,51.900001525878906,50.0,50.0,133348
8049,2026-09-07,24.450000762939453,24.450000762939453,24.200000762939453,24.299999237060547,180090
8050,2026-09-07,57.0,57.0,55.70000076293945,56.599998474121094,498900
8054,2026-09-07,83.5,83.5,82.0,82.80000305175781,303416
8059,2026-09-07,13.699999809265137,13.699999809265137,13.25,13.300000190734863,140781
8064,2026-09-07,115.0,123.0,109.0,122.5,17299441
8066,2026-09-07,14.75,14.75,14.600000381469727,14.600000381469727,9433
8067,2026-09-07,12.0,12.0,11.75,11.75,2034
8068,2026-09-07,16.899999618530273,16.899999618530273,16.700000762939453,16.799999237060547,24217
8069,2026-09-07,149.5,152.5,147.0,150.5,4600845
8071,2026-09-07,23.399999618530273,23.399999618530273,22.649999618530273,23.0,416526
8074,2026-09-07,54.900001525878906,55.599998474121094,54.0,54.5,400359
8076,2026-09-07,22.200000762939453,22.25,21.899999618530273,21.899999618530273,455291
8077,2026-09-07,43.75,43.95000076293945,43.75,43.95000076293945,3008
8083,2026-09-07,159.0,159.0,157.5,158.0,51159
8084,2026-09-07,46.04999923706055,46.400001525878906,45.0,45.400001525878906,473710
8085,2026-09-07,15.5,15.649999618530273,15.0,15.300000190734863,651015
8086,2026-09-07,113.0,113.5,111.5,112.5,1782465
8088,2026-09-07,43.849998474121094,44.400001525878906,43.349998474121094,43.70000076293945,427634
8089,2026-09-07,17.100000381469727,17.100000381469727,16.899999618530273,17.049999237060547,187557
8091,2026-09-07,218.5,219.0,214.5,216.5,170964
8092,2026-09-07,13.100000381469727,13.100000381469727,12.850000381469727,12.850000381469727,27411
8093,2026-09-07,26.299999237060547,26.799999237060547,26.25,26.25,25603
8096,2026-09-07,106.5,108.0,104.5,105.0,1579311
8097,2026-09-07,48.900001525878906,48.95000076293945,48.5,48.900001525878906,55331
8099,2026-09-07,59.20000076293945,59.79999923706055,57.900001525878906,58.099998474121094,572924
8102,2026-09-07,63.099998474121094,65.80000305175781,63.099998474121094,65.80000305175781,2565
8107,2026-09-07,12.199999809265137,12.350000381469727,12.199999809265137,12.350000381469727,12944
8109,2026-09-07,130.5,130.5,128.5,129.0,153232
8111,2026-09-07,72.4000015258789,75.5,70.80000305175781,73.5,17208049
8121,2026-09-07,27.450000762939453,27.950000762939453,27.450000762939453,27.600000381469727,257608
8147,2026-09-07,142.0,143.0,134.0,142.0,940083
8155,2026-09-07,352.5,356.0,346.5,347.0,412197
8171,2026-09-07,19.600000381469727,19.649999618530273,19.299999237060547,19.649999618530273,70855
8176,2026-09-07,9.680000305175781,9.800000190734863,9.680000305175781,9.800000190734863,64204
8182,2026-09-07,39.400001525878906,40.5,38.849998474121094,39.599998474121094,498536
8183,2026-09-07,27.950000762939453,28.100000381469727,27.549999237060547,27.950000762939453,242552
8227,2026-09-07,160.5,169.5,158.0,164.0,595934
8234,2026-09-07,68.5999984741211,68.69999694824219,66.4000015258789,66.5,412925
8240,2026-09-07,51.29999923706055,56.599998474121094,50.599998474121094,56.0,4903709
8255,2026-09-07,146.0,146.5,143.0,143.0,264186
8272,2026-09-07,64.69999694824219,64.69999694824219,62.599998474121094,64.4000015258789,5200
8277,2026-09-07,7.980000019073486,8.149999618530273,7.980000019073486,7.989999771118164,210467
8279,2026-09-07,79.19999694824219,79.19999694824219,77.80000305175781,78.0999984741211,33630
8284,2026-09-07,66.0999984741211,66.5999984741211,66.0,66.0,22107
8289,2026-09-07,44.599998474121094,45.75,44.400001525878906,45.400001525878906,222132
8291,2026-09-07,29.899999618530273,32.5,29.899999618530273,31.799999237060547,21332
8299,2026-09-07,2075.0,2115.0,2065.0,2095.0,2765626
8349,2026-09-07,38.599998474121094,39.0,38.599998474121094,39.0,65545
8354,2026-09-07,18.0,18.0,17.450000762939453,17.450000762939453,47858
8383,2026-09-07,65.5999984741211,66.9000015258789,64.5999984741211,65.69999694824219,908805
8358,2026-09-07,510.0,524.0,502.0,515.0,4018796
8390,2026-09-07,97.0,97.5,96.0999984741211,96.5999984741211,210470
8401,2026-09-07,22.75,22.950000762939453,22.75,22.799999237060547,19008
8403,2026-09-07,19.0,19.0,18.850000381469727,18.950000762939453,84031
8409,2026-09-07,18.200000762939453,18.200000762939453,18.149999618530273,18.149999618530273,2679
8410,2026-09-07,30.149999618530273,30.200000762939453,30.0,30.049999237060547,44219
8415,2026-09-07,37.70000076293945,37.70000076293945,36.900001525878906,37.20000076293945,412996
8416,2026-09-07,169.5,169.5,169.5,169.5,2538
8421,2026-09-07,12.550000190734863,12.649999618530273,12.149999618530273,12.5,601964
8423,2026-09-07,18.200000762939453,18.25,18.100000381469727,18.100000381469727,20590
8424,2026-09-07,68.69999694824219,68.69999694824219,68.5999984741211,68.5999984741211,14268
8431,2026-09-07,69.0999984741211,70.30000305175781,66.9000015258789,67.30000305175781,5346531
8432,2026-09-07,51.20000076293945,51.20000076293945,50.20000076293945,50.29999923706055,94440
8433,2026-09-07,54.70000076293945,54.70000076293945,54.5,54.5,10201
8436,2026-09-07,111.0,112.0,109.0,110.0,722669
8435,2026-09-07,53.70000076293945,53.70000076293945,53.400001525878906,53.5,6839
8437,2026-09-07,9.350000381469727,9.350000381469727,9.100000381469727,9.260000228881836,28511
8440,2026-09-07,19.950000762939453,20.450000762939453,19.799999237060547,20.200000762939453,90110
8444,2026-09-07,5.0,5.0,5.0,5.0,14500
8446,2026-09-07,85.69999694824219,85.80000305175781,85.0,85.4000015258789,51620
8450,2026-09-07,14.5,14.600000381469727,14.350000381469727,14.600000381469727,16174
8455,2026-09-07,22.5,23.200000762939453,22.5,23.0,4099
8472,2026-09-07,74.30000305175781,78.19999694824219,71.30000305175781,78.19999694824219,85014
8905,2026-09-07,34.29999923706055,34.79999923706055,34.29999923706055,34.599998474121094,6581
8489,2026-09-07,21.850000381469727,22.25,21.850000381469727,22.149999618530273,7340
8906,2026-09-07,28.700000762939453,29.100000381469727,28.700000762939453,29.100000381469727,14003
8908,2026-09-07,39.95000076293945,40.5,39.599998474121094,40.20000076293945,27716
8916,2026-09-07,41.04999923706055,41.54999923706055,41.04999923706055,41.29999923706055,134202
8917,2026-09-07,54.0,54.0,54.0,54.0,5002
8921,2026-09-07,16.600000381469727,16.600000381469727,16.600000381469727,16.600000381469727,1000
8924,2026-09-07,51.29999923706055,51.400001525878906,50.5,51.0,40370
8927,2026-09-07,19.549999237060547,19.75,19.350000381469727,19.350000381469727,70081
8928,2026-09-07,24.950000762939453,24.950000762939453,24.549999237060547,24.950000762939453,21484
8929,2026-09-07,13.25,13.25,12.899999618530273,12.899999618530273,33790
8930,2026-09-07,30.0,30.0,29.049999237060547,29.899999618530273,23058
8931,2026-09-07,41.349998474121094,41.349998474121094,40.849998474121094,41.04999923706055,168803
8932,2026-09-07,92.19999694824219,94.30000305175781,91.19999694824219,94.19999694824219,1981930
8933,2026-09-07,4.650000095367432,4.650000095367432,4.5,4.639999866485596,67927
8935,2026-09-07,18.100000381469727,18.100000381469727,17.899999618530273,18.100000381469727,59166
8936,2026-09-07,50.400001525878906,50.5,50.20000076293945,50.20000076293945,832771
8937,2026-09-07,30.049999237060547,30.100000381469727,28.5,28.700000762939453,180106
8938,2026-09-07,52.5,52.5,51.5,52.20000076293945,72169
8941,2026-09-07,43.5,44.45000076293945,43.5,44.45000076293945,4942
8942,2026-09-07,42.70000076293945,42.70000076293945,41.75,42.25,187531
9949,2026-09-07,24.0,24.0,23.950000762939453,24.0,9430
9951,2026-09-07,50.29999923706055,50.29999923706055,50.0,50.099998474121094,61793
9960,2026-09-07,30.700000762939453,31.350000381469727,30.299999237060547,30.299999237060547,12004
9962,2026-09-07,10.199999809265137,10.300000190734863,9.90999984741211,10.25,77715
00929,2026-09-07,29.5,29.5,29.290000915527344,29.3799991607666,24691122
7689,2026-09-07,174.0,174.0,172.0,174.0,45320
2237,2026-09-07,27.700000762939453,28.25,27.549999237060547,27.850000381469727,196915
7855,2026-09-07,42.75,42.75,42.04999923706055,42.20000076293945,2094068
3718,2026-09-07,75.0999984741211,75.0999984741211,70.0999984741211,70.9000015258789,6388266
1341,2026-09-07,60.0,60.0,59.79999923706055,60.0,8004
2424,2026-09-07,8.100000381469727,8.100000381469727,8.100000381469727,8.100000381469727,7000
4581,2026-09-07,47.849998474121094,48.0,47.849998474121094,48.0,6100
5906,2026-09-07,38.0,38.0,38.0,38.0,1440
8101,2026-09-07,12.0,12.0,12.0,12.0,1003
9110,2026-09-07,2.950000047683716,2.990000009536743,2.950000047683716,2.990000009536743,8000
1240,2026-09-07,55.5,55.5,55.29999923706055,55.29999923706055,5248
1781,2026-09-07,10.149999618530273,10.149999618530273,10.0,10.0,22445
1796,2026-09-07,30.299999237060547,30.299999237060547,30.0,30.049999237060547,8643
2035,2026-09-07,26.350000381469727,26.350000381469727,26.350000381469727,26.350000381469727,1007
2724,2026-09-07,10.199999809265137,10.649999618530273,10.199999809265137,10.649999618530273,2000
2732,2026-09-07,63.0,63.099998474121094,63.0,63.0,7586
3115,2026-09-07,8.40999984741211,9.25,8.40999984741211,9.1899995803833,4473
4153,2026-09-07,32.900001525878906,32.900001525878906,32.150001525878906,32.150001525878906,4000
4527,2026-09-07,40.900001525878906,40.900001525878906,40.900001525878906,40.900001525878906,2871
4584,2026-09-07,38.75,38.75,38.70000076293945,38.70000076293945,2030
4754,2026-09-07,38.650001525878906,38.79999923706055,38.650001525878906,38.79999923706055,5216
5276,2026-09-07,18.5,18.5,17.549999237060547,17.549999237060547,2000
5310,2026-09-07,23.600000381469727,23.950000762939453,23.5,23.549999237060547,6000
5548,2026-09-07,20.299999237060547,20.549999237060547,20.299999237060547,20.549999237060547,10405
5703,2026-09-07,13.850000381469727,13.850000381469727,13.850000381469727,13.850000381469727,3001
6198,2026-09-07,19.700000762939453,19.700000762939453,19.5,19.5,2007
6210,2026-09-07,17.5,17.5,17.5,17.5,1055
6482,2026-09-07,24.600000381469727,24.600000381469727,24.5,24.5,3009
6512,2026-09-07,20.200000762939453,20.200000762939453,20.200000762939453,20.200000762939453,1238
6662,2026-09-07,28.5,28.5,28.5,28.5,5100
6680,2026-09-07,55.29999923706055,55.29999923706055,55.29999923706055,55.29999923706055,1026
6855,2026-09-07,119.5,119.5,119.5,119.5,1205
6856,2026-09-07,42.0,42.0,42.0,42.0,1009
6953,2026-09-07,237.5,238.0,237.0,238.0,7465
7715,2026-09-07,29.100000381469727,29.149999618530273,28.899999618530273,28.899999618530273,27200
7716,2026-09-07,23.5,23.5,23.5,23.5,2000
7811,2026-09-07,73.69999694824219,74.0,73.69999694824219,74.0,3229
8080,2026-09-07,29.0,29.0,28.850000381469727,28.850000381469727,6249
8342,2026-09-07,87.0,87.0,87.0,87.0,2002
8426,2026-09-07,20.799999237060547,20.799999237060547,20.649999618530273,20.799999237060547,12259
8477,2026-09-07,14.899999618530273,15.199999809265137,14.899999618530273,15.199999809265137,24921
9950,2026-09-07,10.25,10.399999618530273,10.25,10.399999618530273,29000
1259,2026-09-07,62.900001525878906,62.900001525878906,62.900001525878906,62.900001525878906,1071
2067,2026-09-07,4.820000171661377,4.820000171661377,4.820000171661377,4.820000171661377,2055
2751,2026-09-07,51.79999923706055,51.79999923706055,51.79999923706055,51.79999923706055,1101
4305,2026-09-07,43.400001525878906,43.400001525878906,43.400001525878906,43.400001525878906,1047
4406,2026-09-07,10.050000190734863,10.050000190734863,10.050000190734863,10.050000190734863,1000
5514,2026-09-07,15.0,15.0,15.0,15.0,6003
